4388
4776
4302
9887
86
8706
8785
6466
9940
3610
4742
8243
9174
3827
942
7360
321
9844
206
3362
5312
303
7551
8780
1274
916
2702
6128
4164
3597
12
3750
9822
5611
8115
8980
7875
6101
68
2128
2257
5097
3286
7765
9572
8498
4800
1692
5784
3686
4671
8548
5524
3560
6717
5395
8738
3554
2471
5778
5216
2729
5257
6847
9042
9485
6687
179
3383
2585
5844
5947
8092
9342
8765
552
2781
3301
1193
3809
9807
5029
2838
5193
7052
2762
769
7952
9298
8366
1403
7909
9040
9601
2094
3486
2685
4852
829
7128
1656
7901
2163
3255
9322
9125
28
284
3844
7146
6445
1064
8971
4969
5168
8768
7183
9059
3248
8101
1260
1331
8014
523
8910
6557
5014
2011
1656
4032
5470
1208
7115
53
7484
710
554
4446
8408
9767
3878
5186
4450
4462
1831
549
3285
6487
944
1419
6418
8229
9805
3469
5109
2140
8695
2464
83
8689
5026
1419
5922
322
3034
520
5625
4288
3298
3794
9374
5499
9156
3004
5909
302
4634
9940
5860
5954
6188
6687
8507
3272
7168
5506
5993
2756
4811
9201
8691
9545
6541
8465
787
3955
1092
7502
181
4499
9259
4844
5456
1391
8059
8001
549
7931
1572
6391
636
1363
5023
248
9708
3859
9548
7230
2105
1079
7668
334
4702
3895
1270
3143
8636
148
7195
1976
7600
5141
1408
4898
3892
5306
7894
5233
1681
760
1259
7827
7538
1022
5541
3889
6657
3768
1710
7279
2888
7689
1896
1253
6964
5753
5213
5989
7664
5885
1269
439
5486
4219
6257
1045
2484
996
3926
215
8741
5860
9787
6518
9763
5086
522
1747
6609
8253
7994
4142
6323
2545
9932
2599
5802
6246
3745
8238
354
7054
3524
2245
7953
2651
8930
1560
9005
7767
6556
7674
778
1591
6711
3180
7542
5440
2510
5250
9704
3223
4360
8060
5602
4747
6445
655
6146
5899
4726
7614
5159
7735
5501
5789
6775
5697
6067
2790
4870
5717
1105
5386
7467
1320
1382
1267
450
6913
5409
4276
2198
7990
8441
3890
9130
8943
9150
7909
7048
7078
3079
7264
1462
1210
4530
4197
5655
7251
2478
7472
1666
9810
937
8435
7108
52
7590
6097
40
7022
3128
7576
5802
4292
9358
3019
6918
6195
5791
4749
3622
8803
2282
8335
8177
7913
3364
3101
6579
7934
1840
6455
6359
1442
5437
5240
21
1690
33
7123
6702
1009
2048
9081
105
9241
9506
3084
480
4838
1562
8910
4133
6573
652
7034
6420
1458
5652
2488
3089
8526
9330
7724
9614
3658
7773
7181
5348
2947
5774
4013
416
6819
7164
2040
549
4517
3821
4146
216
2718
4273
1757
4251
740
2998
2612
2161
2176
9190
5329
917
7661
2417
258
4622
2269
1309
8948
825
7465
5294
1814
8462
2173
7380
3692
48
7039
850
7410
225
5844
3605
8191
9984
3795
9430
9702
7934
2146
6703
4746
5334
3975
2227
1422
8161
6453
967
7732
7208
5780
9630
4044
6415
2594
3410
7619
677
5747
5138
4375
678
3412
2415
2073
5638
4902
490
5357
1490
1652
1160
65
3491
158
1238
3352
2767
3318
5456
8031
849
5374
3709
9538
8348
8191
3566
8752
8612
4507
4043
5912
2188
7210
9550
3540
1233
9729
688
7919
4615
5443
4027
7356
9730
2331
3245
2088
1619
3688
514
914
41
8700
1153
2345
8548
4531
3040
4900
7974
9242
4182
2248
2298
4228
9295
6745
7546
6187
8194
1704
1778
3069
2542
7514
7222
2576
2803
3705
3624
1644
9006
8785
9887
1560
1502
3984
682
6986
8995
596
3533
4858
9030
7835
2053
5695
4971
5342
4286
3118
3360
7545
3040
562
9005
4630
6377
8169
6494
4596
4894
4346
7874
4826
9285
1924
6492
844
1178
6864
9764
397
3302
3202
8138
1108
5048
4844
8415
3539
2110
3436
1008
2554
4007
329
5539
9500
6357
524
5428
9642
2775
308
8405
6663
1922
4347
4706
646
2634
3141
190
3952
137
2961
8246
3700
6054
2547
5010
7562
398
7240
7667
3854
6295
8326
5260
3131
3310
6022
1392
8070
4136
433
6111
855
6276
3704
2749
6515
9347
5257
2849
296
3498
5184
3742
4356
545
8298
8541
7037
6945
9242
8594
3633
4683
4192
9769
5934
5750
9275
4112
9684
4369
9952
3842
5832
5770
5669
5023
2331
995
236
8501
1148
9476
6996
4945
8270
657
9257
7354
9392
8910
8240
2501
6097
2627
469
4171
8534
8227
6626
8630
2438
6401
8976
6661
7383
6910
2128
1661
5973
2877
3183
4573
8847
4299
2421
3145
2507
443
7201
2322
8698
1534
9922
261
2941
9054
6088
2908
9573
5362
4175
8580
5619
5232
2654
2049
7536
1481
5568
5423
325
1940
4676
5693
8966
1446
4451
3537
5300
2144
9256
6314
9177
4246
1472
9861
9140
1694
4066
7801
5229
8010
388
1950
5654
7353
5243
6278
3949
9935
4434
4188
2229
7003
4931
9194
6143
648
6647
7729
4812
4163
2384
3122
7706
6259
5404
4335
591
7057
4157
2276
1943
7824
1099
1355
9016
7527
898
7897
1867
8747
7390
9699
4063
2487
3245
5050
925
30
4506
5288
7479
2664
457
5881
5838
3029
3580
8346
1617
7104
3305
8848
2572
5956
7985
7612
2380
9262
501
2345
3456
1936
6866
3153
4928
7339
9803
5045
9011
1384
6324
5064
1062
8307
1359
1984
3478
9838
7995
3658
3935
4940
3152
1097
7014
1444
2662
5087
210
7782
1529
347
3491
1312
3623
682
4773
8075
7405
7590
2428
29
533
7443
7714
1128
7890
2200
7920
9256
3979
9798
7860
190
4078
2173
5411
9034
3571
2038
2896
7040
6560
4499
4115
4915
1665
5488
8560
8750
5783
6486
393
902
5508
5971
3903
61
688
371
5710
2945
3575
3788
5214
2513
651
8815
60
8007
8673
2217
3672
4808
6379
9210
4233
4101
7628
5603
4277
5829
3335
1602
5427
2016
5517
671
2637
9545
6905
3117
4852
9202
8071
7328
9219
9771
2089
4805
3394
5144
6391
9752
1919
3142
3744
1743
9961
6507
9558
9652
4666
3977
848
8715
5816
6541
861
3656
805
2357
5996
8849
6104
8821
1871
760
2108
4207
6056
9584
1801
8382
2991
3121
19
6038
8870
442
6662
3764
2319
5215
3948
5577
6645
9179
8254
1029
3678
9894
2414
6805
3644
3120
9276
2723
8603
377
4115
9083
7643
8491
8901
311
4053
9877
1943
2656
2130
733
6387
1892
1113
424
8906
4160
9506
106
2653
6260
2638
2390
719
1091
1059
5620
9913
297
7604
2625
5144
3997
9262
7047
4982
4610
4725
1671
3371
4335
5979
9096
2437
9226
4418
3070
579
2650
8352
721
1845
8500
9713
1454
6106
500
4254
2003
3526
1315
2312
8400
3904
8140
6486
945
8105
1487
7858
1319
6094
9719
1333
8818
3767
3599
4081
744
2589
185
9351
4242
2714
5307
901
6314
9631
7410
9426
7750
3226
7504
3328
264
8083
4855
5298
2149
4310
5885
3463
2316
4261
3372
8182
8956
1351
9924
3565
2915
5189
8900
724
3142
2940
414
6799
1273
8383
5920
8611
4768
7337
5770
592
1484
125
2880
597
1327
9587
5059
8450
7994
5506
8747
2885
7480
8545
8866
7631
3884
945
8537
2748
9539
2678
2321
3997
1859
6693
4829
6962
756
1014
4349
7286
5754
4324
8507
4997
4020
5748
4649
2951
9612
4218
6519
5819
6596
9717
6918
2196
5535
6080
2628
4937
2837
1338
7322
7914
9603
9855
2668
6090
9636
5680
5317
1370
866
9337
9795
453
7727
5562
5281
1238
4079
3606
161
8164
8870
3797
8530
6370
1439
2330
2414
8633
9512
2176
202
5982
8624
6630
9501
9958
7527
2214
5728
9876
9105
6739
1081
5891
4487
7654
2072
2130
2053
5666
6267
1244
6194
8800
3041
9810
2885
5909
6273
5868
796
2587
2637
8720
8205
627
2341
2360
7015
2201
1149
362
875
3928
4828
6618
8818
5495
1914
4168
3112
7080
3415
1847
5461
7616
680
7565
2441
4497
7865
3818
8737
9056
3398
9862
3103
2065
7674
8008
41
9558
3169
8158
6800
7075
4741
8917
6562
5664
4211
5837
747
9724
4109
4967
7187
9352
9337
7778
7237
4511
9171
9839
422
8114
8813
7030
2800
3728
4162
8841
9253
4824
1831
1988
7460
9664
398
5811
9337
2888
2742
3242
1295
3403
2819
4538
7848
171
8987
5588
6233
4301
6834
412
8360
3994
8153
3214
2347
6200
2040
1056
56
8846
9227
8450
522
7371
7363
9156
767
7005
2993
1526
8961
9617
8277
6306
3517
3170
2647
3933
5009
3138
221
4953
4987
1546
4015
6723
962
7987
9421
3686
6244
7654
4198
5631
7954
1747
7837
9733
2171
2396
9350
9522
8393
4311
45
2419
8703
9589
9218
9603
2280
819
4610
1846
8618
6960
5752
3790
4613
3638
7959
3161
3291
2349
3745
7227
1335
2669
6991
5475
6834
5834
4391
6554
4854
2426
4902
2651
2166
2681
5944
125
3866
4731
2736
6709
4909
9508
1958
9656
5834
1044
6693
6190
5668
8568
586
1393
8819
4630
1875
5666
3114
5651
190
8465
6624
2524
8537
6231
4575
6991
4395
1260
932
1237
6557
6396
6525
9197
6593
4161
629
3368
4256
5332
96
7956
968
1588
1655
9188
4187
2633
7988
4839
2481
911
3755
8916
7716
8749
6399
6701
1124
9177
2302
7984
6695
982
8397
5743
7985
8751
6608
7757
7273
8192
3489
4820
6203
7539
410
7890
6928
2948
6122
4719
2663
2256
2416
9709
2191
5480
4344
8092
8884
5299
421
7565
3888
5598
824
441
6144
8638
6527
2877
4259
1595
9971
4943
2950
9485
6929
9061
9923
7939
5261
9677
1177
2646
6064
5962
2148
4604
4970
663
3892
1364
7883
4072
4561
9773
1137
8039
173
2154
3518
8160
1351
891
6698
4178
1997
2376
2886
6232
5332
8139
4881
945
3878
7346
4678
4420
9962
3768
8893
1764
1902
4143
2780
8024
7749
8353
1218
7272
5683
6288
3466
143
7821
456
3633
2198
3259
9476
4856
2678
428
9392
7958
2910
9256
5909
3326
6839
3493
1557
6691
928
5679
4281
1733
1376
2604
1102
7237
7357
6082
8836
2169
423
1700
7746
4468
4363
5796
5001
8752
3751
503
5637
2377
2938
8120
6680
6253
4223
1662
4270
9323
8702
4464
3631
7163
8619
6548
3409
7489
124
775
546
9938
7947
726
4291
1360
4621
7950
2310
4900
1138
8424
907
4212
4611
1353
9551
4910
5548
3551
4400
9684
2646
972
3730
9020
4365
1547
4158
6035
4369
6728
2575
8945
2686
4904
9113
1896
5528
9991
8666
3689
5872
8474
1092
7257
3413
7711
1122
5672
9447
5773
4007
5005
2240
6714
573
5305
4806
9841
6589
1358
8057
4298
8787
5943
6162
7425
9578
3359
1582
9029
3860
2946
4690
2665
6864
1068
751
917
6717
9958
9206
4243
6941
383
7305
3256
7051
5973
5949
4866
9307
5568
3448
9800
4345
3192
5477
2405
9408
8672
1003
4488
1072
3235
3665
9079
8427
3816
9306
2738
2732
5036
2132
5351
7551
8050
3182
6878
2884
5487
4731
7461
2890
2417
5169
8024
6347
8675
4155
7039
5131
7310
6550
8084
2609
1319
2985
7579
8286
8194
7700
8707
8286
6134
4927
812
9285
3198
2514
7123
9097
9579
3917
9123
8905
7800
1428
6963
6629
4980
2631
8411
9062
8269
1920
8754
3794
3778
3312
9612
8191
1983
3720
8812
9726
8523
6684
123
2177
9381
6008
5306
4696
7409
7436
1828
8418
1910
3943
1178
2749
6757
8919
9206
2770
7227
6163
1312
3181
4005
166
6977
2899
5234
5677
598
9141
4121
7973
5222
658
9400
961
5585
5146
8069
8476
6710
127
6668
5829
6594
4520
5818
7831
2565
2850
1769
8804
4593
7052
1990
9844
9555
2467
7226
3349
8630
456
4093
1460
2577
4905
7649
1839
7386
1860
8191
482
5728
6624
1658
203
1851
1705
6956
1669
7582
5461
2203
5992
8181
2385
6329
5041
8866
7119
1326
5845
5326
3737
5039
7888
2008
4770
8021
4345
9517
6398
5598
5799
2912
4614
1576
7798
9945
6545
110
6024
5617
8812
8386
9530
8219
5942
4794
3238
3204
9019
5441
5764
4973
674
447
4503
2478
7556
9808
4419
1360
9909
658
2421
8522
441
9130
1257
987
3915
2588
3394
5753
8275
2421
8888
350
9621
6545
4094
9899
6932
4671
465
5749
3349
8373
5892
2570
54
6073
8768
2569
7258
722
3044
6408
5519
5825
4283
8118
1197
1803
4184
5308
8669
9503
5116
4399
9718
3267
2228
9011
1288
2984
4483
1449
7111
769
2413
4560
7434
2246
4635
7381
3615
3163
3302
2322
5983
5129
357
2352
5875
3625
8732
3540
7255
1683
5122
4231
2993
4188
2376
8179
5154
2429
8257
8318
3459
5564
1572
6909
6950
5730
4292
9385
1483
8128
5148
9592
6833
1046
3595
5057
3998
1423
4137
1785
3103
4267
61
6832
9971
6922
986
8407
5519
7219
5042
7002
8551
7427
5371
395
7909
3382
1096
233
978
7946
2775
5500
4708
5717
8369
7427
1011
4976
2696
4783
4631
1921
6060
6003
7975
6026
4694
3642
7052
8002
7029
6789
7996
3843
8242
3396
7933
9525
5488
2494
6577
6448
1091
3874
9765
5099
3637
2319
191
9803
3581
6713
508
5860
1538
2382
4199
8301
9461
1644
5184
7922
39
2939
9014
5610
2704
275
8643
4146
8536
8335
3303
1466
3031
5753
1910
4297
5061
3292
2356
768
8538
8953
299
2337
4057
6864
4412
3374
9628
3791
4730
2482
6916
1864
5988
7754
7693
7987
3250
5158
3428
6670
9359
298
319
1859
4811
1242
7622
7831
7032
5228
5851
2594
2982
4569
8994
9142
4557
231
7245
7151
397
3238
2702
7190
3483
5348
1685
1992
6653
8019
8976
460
3841
1977
216
2380
2662
4992
6519
5765
826
4512
5642
4866
3874
4785
3239
5965
9469
6998
346
1059
3701
5272
7085
7807
4238
8642
8681
1407
7612
8890
1380
1161
1315
2158
6069
6226
4809
3201
873
9545
9713
7285
4146
8137
8768
8564
7116
2138
2788
1736
2173
7792
270
4000
3665
7802
565
3831
2287
5677
30
8521
1199
3543
627
3621
8696
6256
3820
5477
570
6535
9176
5284
8331
6265
3374
3221
3690
8921
3051
6797
3458
8774
5037
1252
1976
6872
5793
9747
87
4868
9041
5193
8371
593
2315
6574
9907
4665
6176
9074
1647
6739
655
9522
5542
619
9753
4686
7648
6166
4456
2098
6435
2757
8366
9890
5683
6664
1709
6144
7065
1550
6236
5927
1830
98
5053
5066
5998
1828
8334
8510
52
737
7816
7988
1360
1516
9554
9358
6195
8182
6313
722
2090
5165
6448
4405
8839
7744
4066
3730
682
9872
4574
7508
8421
7163
8944
313
6061
7306
9406
6564
7908
7162
4888
2331
4923
4969
3926
3650
5323
5631
803
4334
6345
9684
316
8108
4059
8836
8374
6240
8163
6253
4673
1881
9447
2986
5725
6662
4537
7622
9473
922
1576
730
1393
4607
9173
9995
9404
8839
524
7945
636
4781
4613
1197
4282
2988
5553
2472
1664
5325
487
6907
847
891
8306
1450
5666
9763
5551
8340
3121
3137
1024
5710
4085
5072
705
2365
3022
3897
2667
1081
9828
51
7313
4738
546
4962
8987
9434
8998
8854
8725
553
4536
93
4569
4502
8339
3803
5076
5413
8608
5516
8307
1214
5650
9309
3813
4527
6126
4590
3359
4488
9525
6264
3039
1361
7431
3518
7921
7878
2407
1538
5646
6188
8134
7840
8709
5007
2446
8272
8575
5992
74
9353
6495
712
5399
497
515
4562
6524
8434
3927
1755
8921
6351
7367
682
4225
4740
4356
5446
7474
162
1372
7709
7692
1014
4785
2780
64
1651
8910
7798
7759
1641
9854
6309
5269
866
5986
5193
2335
9063
6131
888
5468
9989
1465
7996
7609
2384
456
116
8591
1971
7255
4108
7090
1230
498
4644
3046
8780
8006
6269
1614
8124
7576
1300
1892
4325
5975
73
7473
4755
2214
4937
151
2643
192
5622
8424
9838
6285
2363
1999
1801
3813
4477
5708
3348
7113
7078
5846
975
236
5404
1086
4225
1057
8586
8037
3860
5801
6559
8338
5645
8026
2360
427
982
1827
928
5045
4519
3441
653
2846
9676
3328
7084
6076
2801
7403
5567
9177
6920
2660
4601
5753
716
8469
7758
5768
97
3126
2023
4869
3516
4903
1602
6586
7935
279
809
6192
6120
6410
8820
2723
7243
6837
4899
5659
8673
2036
970
1703
809
2996
8974
6456
2770
2592
3823
8684
9571
4551
658
5211
2260
102
9379
6650
430
5535
1749
3525
8673
1336
4142
7138
8990
1652
4637
1699
9178
1318
77
9401
7000
4561
5924
7815
8677
6661
559
3778
2154
1673
1412
1837
9608
4762
3482
5208
7837
8226
8191
8328
462
5575
7307
1542
2700
8285
6386
9066
65
6124
4251
1288
655
7710
4156
3796
8506
6461
1668
2555
5593
1948
1637
7657
8812
7061
4234
3256
2363
7855
783
5525
3771
6185
7776
3543
9097
510
8839
5808
9252
8145
1702
4505
5326
4168
8524
2352
9860
957
7429
3706
7528
9185
9178
5149
9044
1650
6107
6548
7667
9218
7549
2644
4390
9717
1656
6784
8204
9191
5358
3160
4104
3242
1548
330
2404
3224
3637
5726
8776
3255
8492
3957
7633
743
1398
1220
2201
7156
4564
1220
2122
7010
2739
1823
4476
5525
4987
3735
3633
4282
3484
3693
549
8194
2990
3408
5425
145
2722
7749
4334
5322
6979
1186
3164
6955
1486
922
3708
2175
2623
5950
8472
6825
919
2972
9977
2486
2917
5728
2185
1287
5392
1293
6936
9746
7357
7358
4925
4111
1599
8131
8688
2732
2020
1545
6047
9626
515
380
5915
8648
9422
8980
321
6393
1212
2319
1941
2855
4675
7131
6522
8978
1509
5602
2862
3158
6642
6648
37
6338
83
6658
3320
1303
6310
3928
5286
1310
651
1848
7444
4473
636
5857
6919
8576
7675
5842
823
5460
7960
1321
4421
9441
1076
6268
8288
1057
9598
5903
8481
3985
6565
4592
8624
9783
7487
7363
3016
5577
8375
4205
834
4540
5918
6295
2006
2866
128
7616
4337
7157
8675
7754
1733
1867
1969
2578
5124
2475
4436
6232
5833
5992
8877
2514
9235
528
6487
8896
5145
304
4182
1529
9319
5488
3113
3151
7134
9226
7823
6633
3457
467
3867
5542
5132
4080
8051
9130
5285
2089
1188
6860
4655
5814
2884
6226
3538
5311
7012
5328
9460
8692
1104
8518
9896
4279
7358
6487
7738
4790
8220
3540
5892
566
3464
2240
9546
6715
4491
1006
4817
7017
6541
770
1555
2817
8579
1380
8027
84
5976
8183
3203
1789
5688
6800
8966
3979
5454
4584
9161
6312
6418
7292
6652
6069
148
1102
4741
3070
2132
6148
2295
4133
2948
9306
6092
6308
5015
1969
7093
262
8752
7968
9891
4036
7278
8913
9004
410
8984
6138
1410
5006
316
7766
2957
3257
6833
9188
6576
4687
4520
6181
4447
5443
9861
6803
4757
6318
5800
6247
8046
7131
8144
9650
4347
511
8642
9055
1501
9432
748
2120
1881
89
5972
2851
374
971
132
767
4110
92
6785
7865
5041
6870
8339
4513
7723
4884
3574
3850
5829
7003
5091
1663
9241
8841
1925
8501
9932
6762
2705
2134
3462
4515
8502
41
7143
2347
7509
2355
7448
8796
8555
4771
4795
1370
1983
59
9818
7380
8899
3187
2774
3790
6192
4089
5297
8832
7119
175
1522
2026
7714
6762
2166
7581
340
2816
4093
3697
6674
2649
5240
4313
6694
3841
246
6687
85
1152
8083
554
4276
9587
9199
9778
140
2783
3881
4770
3517
782
4605
3570
9611
5623
638
8623
1755
3564
3660
7008
1167
8024
1673
593
6511
1667
957
1975
5176
5726
7609
4468
2384
6803
9449
1987
7464
5468
8573
2723
7416
7104
6871
8594
9612
5958
964
1980
2366
3063
176
5936
274
6588
7293
5214
697
4729
9777
7517
4508
7330
7152
6578
7768
6254
3727
5140
9568
9626
3685
5861
7578
5501
9235
114
3340
7076
8685
7828
3260
2340
1487
3737
5961
8382
7639
9610
2602
2482
6950
4935
7802
2585
5240
147
8664
5486
3895
1414
6941
322
230
8111
5678
4401
2447
7889
2640
8755
6579
4681
9440
5797
5115
8791
7762
7969
9235
5795
6149
2667
6665
8239
9292
8485
1534
4080
2880
9722
3341
1845
7214
6241
5747
4518
4795
8215
1775
2802
7918
9089
2094
291
8073
1670
4356
4680
9823
5563
4286
1526
6155
2090
9467
9739
188
1599
6836
5055
8893
9917
3356
444
1516
272
5622
8771
5935
5407
4940
6508
754
4907
7081
5357
5299
9592
2367
6882
6013
2649
6422
4350
4903
4000
7714
5330
9911
8078
3155
5288
5391
5402
6193
3948
2900
1802
6249
766
6242
2030
6304
8733
2785
6700
3624
8645
8604
1178
192
5674
4216
6065
7332
8380
3931
9891
7364
6415
8677
5459
9085
3535
5941
1384
788
8330
5974
9500
1165
3440
8988
5711
2449
8502
645
8291
1468
293
2790
5958
2002
5994
3418
629
5563
9477
3138
4042
1356
7073
9175
671
1302
5409
5933
1875
1728
3055
9135
4829
3732
8311
4912
4183
4773
1473
7568
6785
808
9267
7989
6967
68
5601
9739
2073
3634
6790
6634
7771
1295
2209
9426
7360
4949
3599
8494
2142
4367
1260
2464
2588
9820
6288
2765
3801
8437
5252
9772
7156
7798
2691
4700
6546
5147
7942
8468
198
7717
875
9179
1108
492
234
420
4281
6120
5391
599
5046
1374
8112
9851
7753
4294
9703
9776
1762
5344
4349
5785
7925
5413
8750
4906
2650
5719
8312
485
4107
8634
6523
3701
8028
3459
2493
4026
2384
8946
3624
1289
9285
6880
8696
9406
194
19
605
17
9968
5364
155
8778
6147
7282
9461
703
5566
7864
2719
759
2030
8369
7889
5649
8133
950
6184
2202
3835
6121
5495
7733
2729
1078
3657
3486
1978
6806
7011
8316
5258
6444
2894
905
5521
419
8600
1119
7428
7003
9291
3142
3137
2909
5417
5762
2718
4000
10000
6994
4272
1734
9117
5410
3353
9524
4553
9124
5402
3717
7348
4898
8805
1687
2849
8148
4972
7909
6063
9003
659
6260
8567
9491
8067
5880
3268
8452
1368
8225
2967
1095
6316
8432
1168
4764
7468
8480
5881
5907
6068
7981
2308
2733
4810
8421
4253
2891
9131
4338
6560
9253
6887
4075
1338
58
8535
8493
4103
2751
4212
9220
4242
2955
7772
4023
2584
9756
8187
4009
3301
7643
9256
4380
5172
1921
2120
5
5666
6579
6414
7475
1699
1650
9289
9170
7921
4980
3785
794
227
2060
6745
3480
8243
7474
811
5590
3293
1577
2575
1500
2675
349
406
875
866
8747
1644
1637
8282
2250
4367
1392
135
814
3996
817
685
4728
1951
6818
9960
6611
1017
10000
758
6596
1990
53
2646
8543
658
5990
1825
9677
1556
7786
2441
6525
4440
536
406
9246
6657
8106
6127
5511
4670
6777
5689
1886
8858
364
7428
5580
3449
7346
9763
9618
3724
1258
9651
9222
2137
7115
4920
1921
3300
7879
751
2135
6523
1100
1366
9275
1555
6157
7483
5893
267
6383
9821
1365
1924
6528
7664
9308
7919
2137
5532
691
2197
5625
7198
8658
8752
9944
3302
2572
5219
3061
3656
3119
8599
6431
7442
7078
4447
3884
1892
1437
6692
3081
4380
2915
7240
5295
6601
3841
3817
1068
2554
6301
8673
4936
2438
1067
2838
7758
4590
579
8398
7618
6541
7885
6606
3984
6600
9624
7556
2181
4828
972
8025
736
8726
3566
9565
1037
2422
2397
2498
6651
1641
5111
2062
6063
9925
4702
9056
6056
8064
2693
3238
8923
8180
6075
9368
4364
4207
3541
6450
5019
9321
8319
4056
1257
5280
1676
433
3767
3062
7805
1331
2570
8583
3274
9616
8414
4955
7167
7674
5679
1522
7056
2219
6735
6412
6343
5155
6835
5627
214
3979
4647
4211
1794
8077
1200
5250
521
3277
1976
9585
2232
4707
8620
4658
7572
7236
3393
461
3433
4514
3372
3402
9114
9017
6766
6754
1273
2973
3507
6209
9235
5580
1050
3979
4986
8603
3124
2011
5347
608
1179
7639
338
3781
9423
428
6129
9338
5452
5900
645
2353
4114
538
9337
7861
1825
207
3698
669
2783
3356
8462
8343
4346
1379
6719
5387
43
1203
258
6127
1313
6265
3995
9064
3950
4772
1891
5143
345
2083
2227
5891
1799
9533
304
7684
3873
1864
3426
7883
3039
5138
1066
7961
7267
1985
8366
8276
5227
8098
6891
5955
384
8975
6463
8061
2805
3019
1743
3504
6688
1460
9853
3659
8478
6927
1617
9700
855
4608
7436
1106
2315
4056
6882
3506
6482
588
6064
3352
9777
2664
3738
7801
5796
7367
7995
4423
9536
7939
7245
5063
8438
3263
2179
3592
5379
1839
6379
3560
4203
8984
4161
1194
7536
648
8920
9411
3718
2303
2336
6358
248
6206
4221
8252
6402
5637
7542
2999
5800
4653
939
502
9743
9982
167
4
8980
7314
945
8813
4082
2846
6035
1286
8696
6996
865
7775
4994
9568
6980
7259
5768
2289
4074
5350
5915
4632
5976
8775
2241
6976
7608
5581
1157
8758
6161
707
7083
4386
5639
4606
4727
8001
8553
3724
5352
2776
568
6833
5746
5810
4699
9788
4162
541
1473
6406
6515
2739
6695
6332
7632
4129
951
7081
5065
3578
2459
7928
8429
9273
5139
4938
2241
8229
7321
4823
6354
9106
9232
6874
1508
5862
5107
9243
2052
1763
4983
3061
8755
3784
4979
587
3861
5802
3683
9022
5783
4243
1260
63
6251
9612
3615
5925
4010
7688
650
6526
5541
2182
1408
9555
6563
6112
1247
7889
6206
6041
2184
215
9299
6316
9666
9773
680
3112
3869
2744
393
2146
8476
5018
7834
6275
9586
8298
3207
6525
2289
9441
5153
2927
1845
2164
5693
2428
1163
4056
2752
4764
2486
3670
100
3909
472
2989
738
6881
9774
8147
772
5158
2621
1520
4244
7799
2719
6162
4860
6500
111
5275
9239
6536
6815
5612
1288
8484
1232
9148
5875
9934
2986
2580
1760
9787
4115
3497
2727
91
3085
8550
9875
9526
9396
3718
5199
3304
3209
1537
3218
4807
2095
8654
4321
7258
4391
9103
123
3553
7153
855
9582
3207
3453
2864
7355
9808
6269
5741
9006
2623
6694
8828
3685
954
2846
5831
5632
1727
2341
1734
9194
3823
950
4311
9316
3937
3464
6118
3927
9493
5397
9039
2540
