2745
989
7905
2839
6431
9778
494
7934
7686
5605
3491
7291
345
3172
4038
5316
7952
1341
1912
9740
2639
4470
9755
6736
4237
7331
5745
998
6870
5196
9401
1121
2654
1316
2155
4192
3222
7808
7815
6398
4201
3961
1315
4491
9211
4617
370
3884
767
3705
6681
3874
4939
2707
5640
2635
7040
8273
4111
2449
467
2043
4257
1802
1295
9683
2150
1020
1996
7283
8022
1297
4509
305
2627
5680
8591
1350
3252
485
8723
1458
6944
9110
5242
7804
3665
6844
4951
3185
9023
6115
9285
8209
2046
8304
3723
9387
2117
725
7177
8089
5262
4415
9448
351
1792
9690
6706
1997
1129
7350
6687
9190
6832
2213
5931
4365
3679
3178
8612
5285
6262
5287
4566
6490
8692
7038
7053
4277
8979
6938
2416
7125
9523
7010
7032
9773
898
2884
7142
2542
4404
1298
7761
2301
3690
7838
6442
4682
669
6944
291
5383
7494
8140
6718
9705
8708
3668
4908
2926
468
9254
7334
6777
6995
9577
4131
4745
1365
5893
3653
1750
7385
7887
4020
1081
647
7576
2110
2883
804
6274
374
1057
116
7864
587
7247
9063
9734
4911
6286
6508
3844
9688
8731
5852
9151
2383
6071
1551
4573
7378
2298
4197
2263
470
2826
8179
9913
9368
9289
6358
7054
9991
7079
2435
4423
1920
9360
2434
8037
9850
5307
4930
6559
8321
783
6937
2896
4008
1790
3080
8001
1311
4403
2290
6820
1739
3466
4526
8788
9188
1819
3100
5553
5485
9709
9990
8546
9584
8524
9362
1508
6642
1157
5143
3954
8454
4100
3960
5821
8778
9800
907
6498
4422
6571
9859
2205
4389
1535
5110
5618
8262
54
9739
1708
3670
8950
3466
2661
9439
8231
8897
9340
7585
5611
4571
4528
6457
6853
2015
3423
3399
6910
9018
9126
859
9977
1346
2555
4679
555
2120
3182
2714
3255
6576
1995
364
8157
6998
5187
3095
9452
4492
7157
247
4151
1443
311
9553
159
6916
6889
4205
2960
2272
8971
4935
8675
753
8066
7341
3665
8043
7871
1837
2772
9579
6757
7637
4594
844
800
3700
2387
4191
503
721
9220
5773
6685
3144
6783
1054
358
5439
354
8400
4515
464
35
3105
7225
6154
7277
8084
7157
7193
8434
1820
2469
7628
1862
2853
5885
6361
2919
1995
2702
1474
8092
3675
2253
6472
5501
4166
9616
7987
2878
7504
9966
6247
6485
183
3939
4141
217
3204
7201
5031
4403
7747
27
9568
3401
2990
8999
2796
9235
8605
8290
5542
9333
7511
6837
7579
9371
8606
2238
4061
8624
6389
2406
5938
533
6423
9104
4682
2552
4180
9192
3547
6999
7835
9168
7794
8708
2925
3395
3574
7248
5377
1171
1166
314
9857
7888
1210
1235
8691
8560
3770
7916
4250
2193
9455
8648
7054
8578
4051
3890
3931
8709
3859
5623
5040
832
2505
4209
4863
101
2028
5909
5441
4288
8791
8266
4694
3796
284
8381
153
6832
6444
9057
1978
1452
155
9563
5120
6285
9886
4506
8801
6904
3331
3548
9670
9514
6272
7371
1068
7168
3011
9572
5044
4081
6728
5586
5724
3777
7022
7817
1267
3567
1749
4262
2163
9487
97
9843
2646
4752
3935
3117
8416
1538
4241
8897
5191
2769
8712
3390
3804
9098
8877
1518
5582
2364
1403
5042
5931
4476
3419
8443
3244
3035
7185
8026
6135
9336
3040
1870
6841
7932
4906
728
3318
535
6245
6701
2583
1436
5805
4148
6380
8899
2483
7705
7136
402
7921
3588
807
4320
4897
5058
7851
18
9411
3289
8726
8902
8208
4284
2486
5843
4776
4679
4704
9358
8764
5591
4919
4587
1105
1511
6909
2108
6218
4536
6134
3497
2480
8844
965
785
8243
3474
3467
32
2332
3696
8569
3820
5756
3200
5857
6700
2800
3204
4295
1031
4839
335
4327
2840
1002
7571
4248
2545
1170
2735
9572
3694
3335
9477
2995
3875
253
1588
3921
8351
6905
6974
8735
4556
1480
8555
8799
665
1583
46
9706
3713
8136
5798
4379
8110
9194
5546
5727
1351
651
9504
7689
537
9383
6429
3806
5325
7372
4806
6040
7470
4726
4703
9703
6291
1621
722
9407
8827
5468
7374
3646
4275
9179
7140
4159
6004
2689
6692
8521
9202
5232
6333
76
3481
5099
9091
9499
7130
8858
489
8438
5683
6928
6036
6862
511
4974
6089
9103
78
5821
9536
5777
5225
6921
4236
1656
6188
5990
4972
1020
7040
2822
1457
7093
1870
6243
3476
2589
6788
112
2689
323
8923
9273
6903
217
6659
1848
768
4977
4182
1151
8202
8655
5867
1773
2187
9578
9964
8264
6357
8750
8102
3996
3933
745
7588
5481
4002
6637
458
8542
6696
3463
3468
503
9317
1913
4396
7626
6365
9723
7689
1296
9266
7982
2190
6540
4183
4204
6189
7767
5449
1984
916
711
6492
7672
4679
5915
711
6315
7361
9572
6204
9983
318
9565
576
9663
7935
8310
4653
2444
9736
3977
7781
2426
584
1662
4234
6484
4481
573
4743
3336
8512
3467
7523
4795
6371
2873
7823
2712
3458
2770
5121
5913
5604
744
4054
8492
1544
6840
1971
6356
7644
582
7322
8434
6948
7904
1336
9213
3024
3316
6797
5296
194
4201
8612
51
361
6809
4044
1880
4079
5202
6206
6199
1273
8448
5708
9185
9693
2050
990
4688
282
2842
3202
6350
7559
6951
4684
7424
7765
6171
4193
6457
784
5419
3770
147
4725
3309
4423
1850
9812
8476
8488
9438
5535
4893
8713
7163
1068
9454
9996
3745
7916
8768
2555
2049
6239
4241
1438
9981
9974
3123
6291
1609
8146
4060
9422
9373
3384
2524
1951
9682
6008
2806
7567
8382
9747
610
2583
5367
9807
9700
6019
3350
28
5792
8326
6333
7843
2304
8003
1016
2307
8176
6043
2873
8394
1488
9627
7246
4400
7022
2498
6595
7481
8024
7887
2382
9740
8292
6140
6819
7486
5123
9490
4051
9481
1483
8319
4753
9144
7967
219
4025
1674
9085
5267
6901
1975
661
8101
8487
1123
8468
7665
8454
4919
4286
6893
4980
4804
3763
2483
5837
3272
4097
5271
3073
9431
3610
5260
2354
2551
6337
6886
6600
1657
8719
9118
7135
934
898
167
4387
8854
4084
1193
4992
6468
1087
2632
4706
8355
1584
25
4807
7511
5833
5490
6579
4050
4072
4860
3959
8588
6655
6453
2996
1547
256
1930
9826
1023
3401
4330
6762
9480
4871
3196
4466
4800
7189
8952
368
7362
3203
3572
4272
1661
7679
2470
5759
2538
9454
2332
9392
7323
7570
8861
4646
3568
3583
2546
3668
3458
9005
9542
3279
3474
8435
7286
3058
3775
1035
3640
9128
7053
4284
9868
4603
3427
6887
4432
9091
4810
5085
1114
2347
7282
2912
820
6417
2382
3786
9025
9006
8342
5662
9238
1863
4150
8402
7254
9543
4955
3584
4309
5485
2802
7545
5237
9027
2033
5919
7566
4505
7568
5794
1232
1
7187
7873
2679
8227
7644
6131
621
2141
9343
7156
8022
5484
7927
996
3923
4362
7238
7404
8563
9826
1843
4348
7056
6546
5800
5007
568
3510
6997
176
3214
4238
3877
2418
2356
5787
9979
2757
949
4516
4175
7450
2703
4032
2297
6409
3643
3606
5322
9867
7106
3626
6226
2604
2058
8054
7130
4589
9030
3659
6254
382
3784
3823
6183
1569
7485
6521
6107
8455
9411
8320
9550
5746
4606
4583
3940
3839
6017
9060
8353
3080
5104
3300
1241
3212
3311
4948
1511
314
5210
7678
3003
8334
9007
3201
5779
6540
4481
9168
6685
6560
7760
8097
889
547
8395
5274
6170
9080
2545
2136
3533
925
1389
5640
5587
8422
6869
1526
5671
2654
6020
7046
6346
9185
434
6075
125
3317
2602
8060
9515
4857
384
4475
5079
1400
5090
6221
2617
2355
3093
9476
2125
4676
6966
1763
3029
1870
8532
7854
6432
8998
3150
4262
2093
2852
6133
6710
1093
595
2761
9406
243
5728
292
4770
9941
8321
9063
7136
9132
5750
9536
4603
2698
1571
693
4413
9174
1151
7778
6665
1373
9958
5113
2938
2340
1834
2949
5191
3655
5969
9976
7175
4703
8081
387
9659
1530
9378
8747
2616
6483
3175
8137
8309
5776
9235
2394
2317
1078
1850
484
1090
456
2659
5564
5597
674
7804
9039
7118
9047
5963
2388
6567
2844
8331
5495
7271
7116
8928
7239
8722
5611
361
8473
2855
7741
7971
6171
8635
161
2227
4375
150
2120
4152
542
7031
2864
4416
7864
9619
4107
2787
7779
2922
1107
4662
7261
1822
1901
1956
2506
6598
4748
9229
6005
7105
5179
5332
8160
6834
9006
8110
4732
9291
1474
2169
1587
5906
3669
6021
7793
247
8156
6056
2442
1818
2916
3066
8045
9424
5528
185
848
8845
2177
7910
3634
5090
5117
5628
7461
3685
6898
9702
345
5169
1814
8724
2347
9867
6714
115
85
5298
805
6798
268
3614
1919
6140
381
3631
5464
6577
9706
3065
9738
3871
3451
8353
5664
3027
7864
7681
1694
1961
2495
2830
7611
3440
7219
3060
9079
4471
4364
7724
2710
2653
8969
9162
9174
9268
1153
5418
9112
2433
2853
3549
4550
2997
9092
2322
3373
475
2491
1430
1014
8879
9873
1319
2908
4801
330
1142
2333
1279
529
3774
1220
9403
3863
8293
1805
4175
7502
2080
896
6871
9946
2673
6592
3486
6623
7665
6629
9142
6151
3295
7162
9973
5590
8719
9506
7561
5547
8559
7234
8378
3308
5529
1954
6419
4000
8181
6894
6587
6684
2460
3233
1702
91
9482
1143
1708
3903
9536
4399
7775
2369
2720
8879
8141
6660
5886
4726
4570
3617
1500
6272
2456
3491
109
3199
9755
6230
2755
5275
723
4180
304
3802
149
6822
89
6100
4193
9368
5723
2088
5865
597
3124
2558
5500
2004
7424
2597
8264
9281
7776
7598
6605
8659
7570
6014
6681
7149
8778
7030
5218
1809
2282
5011
5548
9792
792
9930
870
4421
9924
7662
407
8312
8615
3459
8296
222
9454
5710
5367
3612
6030
6419
5850
1987
8287
915
8920
6305
6713
1490
1203
3397
5131
3880
1461
6429
7447
4508
6600
6253
9178
2793
4793
707
4987
9700
2848
5825
753
4028
5532
2897
8747
7831
8868
5335
114
7863
8619
2757
8676
694
4282
297
927
8942
4626
4149
359
908
3459
2123
9439
8553
5422
4411
9239
4803
9848
159
4069
5718
4527
9078
1450
6124
3489
6215
8339
3037
2980
6912
485
9480
8246
3388
9951
1334
177
4272
3448
3333
9793
3249
5116
4364
4196
1746
5973
1061
2338
2160
257
9691
1626
7096
9093
4660
1145
3964
5682
6049
2169
5963
1901
4967
3639
8781
105
6232
797
5498
4787
5378
6448
3613
7224
2051
8872
9477
4279
4200
7195
9271
2355
6490
4049
5705
3933
2648
5276
9912
8523
7376
1390
5065
3410
8949
1878
3478
2094
320
9606
7011
5641
183
8038
7029
9660
2976
258
5535
1022
750
3248
7082
5572
4324
5037
8879
8510
7700
5268
7615
6104
7860
8321
4133
5047
6902
5925
8367
3073
2989
8450
485
2260
4407
2873
6028
7033
2096
2001
3406
2542
2780
394
2200
1247
2742
9460
1794
5480
6297
7680
2138
8933
3542
1346
2100
3995
1340
3618
5612
3455
4361
726
1644
2483
1410
9964
1971
5815
3080
4804
5732
1852
980
449
1845
1635
3237
7808
2172
1554
5386
2429
9817
1990
4832
4795
7411
8412
5083
4781
2711
874
2506
4695
3457
4244
3999
8951
4835
8587
9965
4336
7262
7110
3707
1711
3947
7045
3510
6364
2215
2273
2972
6570
8992
52
1846
9063
2849
8725
3246
2342
4569
9654
1025
6883
2742
2985
1125
7736
4175
1903
984
1557
7089
7209
7576
7787
8102
5038
2146
3999
4748
6338
2572
9923
6092
3319
7762
5114
90
2526
6354
1868
8544
1337
4900
1631
8425
7520
331
5636
3042
4220
2101
4699
4392
5667
3672
9592
8501
468
9807
8150
9905
1380
5988
873
7932
790
3969
8819
8617
985
4192
267
2055
3877
8943
9389
7209
7382
3659
1538
4940
8917
7284
5087
9501
8229
1352
6974
8657
6775
9959
5331
3913
5575
3116
758
4061
2643
1795
3064
9491
7215
1713
4968
2891
7211
9655
8401
6321
5711
9524
4584
8130
94
784
3613
2304
1496
1371
9994
6082
4638
29
2529
4973
3632
6363
5722
2036
2724
7498
6572
1884
9707
7456
747
5046
8900
3544
1128
5417
496
2444
5595
9890
8884
8994
2099
6828
4826
1412
6630
1788
6596
4686
924
1457
6831
449
3
8531
8934
1148
7026
7045
5833
5926
420
5654
2124
4155
1240
5070
4581
249
7425
2209
1752
7369
3224
135
6888
1473
6288
4992
3917
4889
6613
3279
4343
7793
8349
2441
1252
9989
4191
6446
8284
4155
1461
4776
7981
4768
2305
766
9925
6374
5281
2837
6593
7989
3430
8920
7829
5076
703
1479
3379
769
8819
9084
1444
1206
7619
9292
9041
6832
6185
1793
3705
9842
8654
2374
2944
1525
2914
3730
5773
1556
1920
8238
2665
9840
9384
1838
3404
1634
9546
5668
4835
8439
5383
1132
8717
9393
2419
2678
8797
2712
3749
235
3726
7744
7027
5407
3618
449
9599
2162
5048
73
5762
9669
2254
1937
2830
1487
8340
8873
4778
4698
110
4506
1167
5941
3201
8527
6114
8614
2131
5752
9198
2171
7013
6196
1289
9561
420
1589
929
6721
1426
7085
9434
2655
9980
4936
7998
3902
8315
345
7255
6576
6911
5906
6615
5447
8817
1564
6744
6156
5104
18
7144
6832
3262
4072
3714
1860
9691
6792
6782
212
2184
6427
3861
7655
6401
5273
3404
6716
2375
2290
6372
1768
905
3061
6015
1548
9630
1310
4254
7811
7389
9747
1748
9590
3278
9946
1168
1103
8115
6062
5150
2904
73
6683
9790
8434
840
5651
1609
8278
4835
5184
3659
4793
9299
1756
4097
6873
382
81
1873
2671
458
8272
5865
4923
9770
3809
8624
1951
5839
2231
6273
6278
6335
6949
2807
4788
205
3059
2884
414
1798
5906
1626
4941
3508
4032
4638
4173
7802
8910
7037
1701
1934
1075
8680
2984
6372
6068
4691
1394
4304
2977
9456
2902
1198
4801
7352
9310
3776
8877
5575
8565
5023
2156
5494
8835
8350
3587
7309
8385
7833
4132
4020
7921
1072
3190
8311
1439
607
3441
399
7148
7166
6700
4189
4989
3466
9373
3785
3159
8341
3895
9078
1612
6058
9133
6005
4351
898
2602
3594
712
9114
954
1714
7302
6956
6985
2854
7931
1105
1606
4785
8893
9332
6534
7091
8649
7191
951
3871
2899
1832
9252
4548
9535
1077
3322
9912
1082
9278
1837
459
7851
6381
1151
3545
6507
1888
7857
8508
8555
8090
2952
3989
184
8664
4103
2065
2740
4129
6903
5214
4581
5278
5715
9691
7050
7496
2955
8348
349
9395
759
4924
8229
8087
208
2585
4749
3045
1622
707
2137
1457
7117
574
7015
7806
3580
8248
8166
1496
4905
3912
292
3370
4701
1242
221
2546
3512
2895
3137
9667
2906
920
7697
333
2168
1344
8771
2867
1627
8510
4730
7160
8617
3342
5369
1602
1372
513
8372
6613
6092
9415
6451
1909
1076
6825
9385
4004
9398
6474
4875
7712
3389
8069
3398
7117
5837
3102
481
439
5663
5381
5634
215
8742
9488
8192
3323
4652
2296
164
6182
9327
1905
4030
52
4951
748
2085
5676
9887
8845
5694
953
6371
5527
6382
6302
7462
1173
8949
1618
3133
2912
9248
9004
4253
3402
292
4231
442
9628
5262
8237
2649
5871
4619
6516
4898
4943
9104
4804
8096
2549
609
1014
8639
5582
8819
2945
5965
7374
5945
497
8977
7838
2317
3298
6201
9699
339
2975
3652
8695
9390
8537
5988
6171
1464
3879
2127
9792
5724
8966
7422
157
5408
8701
51
6802
1221
1276
5404
6211
4639
6283
5580
8315
2268
470
6240
96
7473
651
6242
3209
452
7279
998
3650
6626
2989
7115
5266
4704
36
5703
301
9879
9993
5998
1194
5423
5323
4921
3438
8662
159
3118
8240
6285
4943
2500
6218
7420
6127
7403
9935
4353
7410
3746
7779
7707
1564
8272
2310
866
5031
1615
7918
1713
3466
7285
4509
5898
6863
5068
3046
2891
4653
1980
1837
9162
2067
561
5132
8913
4391
6867
6057
3981
1586
6179
5947
8269
6312
9881
4963
6255
4017
3654
2867
3801
2764
8025
305
5634
1910
9897
4147
2686
7408
5354
5768
9585
9913
7936
9454
1841
4945
1010
5046
3198
3994
3476
7449
5280
6293
9107
6333
3331
7956
6723
2041
1579
3597
1389
3362
6862
5730
1842
4237
9040
4527
9819
2908
4072
3462
7865
2595
6604
