5735
8195
2443
5190
4054
5541
5402
189
7554
3617
7879
8638
3166
4878
4037
3674
96
9386
9000
2264
4340
7598
8394
9134
558
2609
6634
6767
1057
9298
6756
5440
2346
7489
8320
7410
4583
8836
9083
1469
1631
8524
911
1168
3057
5637
3248
4320
3326
8695
1418
3210
7568
141
8977
1706
4177
9084
5645
7599
5193
2106
3260
2990
4556
1923
6823
8255
5779
2644
5730
831
6731
2988
9483
4942
89
5210
6965
4969
5813
1405
6276
5931
2035
3873
7132
6305
7775
1337
8877
2269
8105
4945
5509
6638
4731
9108
4186
9231
7467
5674
4194
2427
8590
6697
9975
4974
9365
2162
7105
7629
2750
7712
6586
1303
6332
7044
4865
276
6912
910
2787
8365
8525
557
3768
5816
1540
3064
9212
4741
3533
1307
3249
5808
140
7252
9745
4893
1256
620
6144
4163
9772
5295
5747
9225
9635
6301
7829
1203
139
3088
2590
5022
1228
3577
9264
7642
781
550
1708
6954
2248
7889
1039
3971
4008
7426
4202
1882
863
9203
1834
788
977
6410
721
6303
2550
3137
8385
1091
9785
8983
9047
7116
7257
5950
2746
49
7897
4623
321
1795
9509
3832
9897
5296
9578
260
8651
871
9428
3906
3272
9337
8960
4365
5389
9890
2699
4416
3457
9371
3480
8288
8150
5095
8248
6604
4813
2812
1510
6623
2061
8389
4383
9723
228
769
4700
9505
2032
3922
4749
1247
5301
6970
7322
7846
3609
2688
4006
9307
3098
3992
3916
6807
3892
2811
5750
8068
7435
1852
6480
9990
6485
6753
7735
9792
9422
729
2402
8938
1074
9376
966
8990
2658
5334
5293
5495
4796
6896
7405
6095
1124
9954
6940
3127
6769
6713
8032
2329
6829
7166
3445
7463
9876
7321
4727
3150
6282
178
2562
3252
5857
8415
9442
2151
1016
4477
3902
1390
4585
8677
2699
7031
862
1215
6572
8301
1809
8190
1986
3966
5666
3254
5832
6906
1617
8203
6689
1166
9898
8790
4884
5842
9892
8526
1860
9346
1840
238
8246
1503
4296
5704
8612
6197
3671
4467
6795
1408
9773
3931
9009
1636
8390
1304
7046
4304
5927
6110
4399
6140
1459
4794
2925
691
1019
3193
7351
3482
7269
5504
9904
2250
1353
4720
9455
842
9638
1174
6730
6880
9765
8259
8628
6840
630
2425
5210
1746
104
9345
1902
3700
9178
3910
1487
1416
7882
1676
5362
7839
5319
2786
1746
6560
8689
30
4537
6466
9177
9305
8195
3884
9151
7113
3039
7514
5475
2948
2192
9936
4625
9818
9761
6115
6279
2776
6624
7343
6499
7502
6704
5130
3365
3823
4885
9728
6965
3717
8852
5503
7109
7182
8591
5485
9173
2214
9068
5300
2981
8559
6088
8822
2164
9755
5021
6741
9485
7782
6328
2344
2372
5755
8919
8775
4998
769
3651
5825
2617
8909
5510
5822
4573
8287
9757
6856
183
4722
3138
8258
7661
6406
1305
1847
6109
7090
1912
6015
9897
6219
7381
6404
800
5983
6033
8587
4522
1102
9482
9415
1812
8949
3871
6587
4299
6111
4939
5793
4373
1708
2796
9759
9275
2454
5670
4235
991
2915
6064
3418
5140
3489
7248
5906
5945
1026
3234
1439
3494
5123
9446
454
8797
9570
2011
978
6553
107
1552
9776
7880
9837
7983
9739
3426
4742
5090
4793
5394
3352
4204
8575
2375
8032
7848
2961
9987
1427
9048
7379
5630
5124
2142
9313
3760
4092
8452
2034
9512
1986
188
5350
130
6601
4205
6393
1713
2084
9040
7697
5487
712
5886
9465
2230
3244
5644
1705
4301
4280
1828
9468
1568
8022
5058
3480
3838
1950
5980
7565
3997
4244
8068
8140
2650
6183
5237
5007
1795
1535
5923
5547
3840
6993
9407
8404
7591
4533
3045
8050
411
9552
8284
6062
887
6977
2836
8442
8296
9972
8115
1462
5188
1884
2455
7265
7404
7102
3547
446
7889
9348
4264
3201
8055
37
3249
5762
2489
950
363
4837
6642
8444
8610
8719
2248
5919
6845
6354
2246
7387
444
5434
7014
4115
4256
4111
7967
7932
8195
9298
7350
7112
9
7126
9980
5528
4819
5890
8551
5406
4592
5145
3927
8282
9100
7309
4775
2892
3912
617
2072
640
7398
2427
1797
722
7385
7409
8390
720
8184
9705
9728
8153
2549
3177
7757
7801
3269
2099
1432
4040
9564
177
9647
2809
9648
8907
7312
9070
9925
1347
9686
8378
7761
4451
4733
3658
8711
8292
6490
963
7653
1306
1176
5481
6780
6740
7314
7426
4274
8952
4778
116
4878
8071
1350
2249
9628
4281
6729
4703
3382
4960
3245
8052
1030
1643
8854
1753
6986
8892
638
8404
7849
5844
2463
9722
5656
9389
2602
5878
3522
47
2105
4676
6642
4416
2220
931
3717
6735
5325
5989
7139
4185
7835
3354
573
3412
7007
7301
3779
8763
6379
7153
9081
2851
1370
3381
2991
9970
7818
2849
4747
8917
4485
154
5381
9718
4509
424
7755
5486
9481
527
4916
9242
5003
9853
3046
5335
9329
6283
4717
5961
5554
9440
158
5439
5091
7715
8578
6929
364
6027
1382
3247
1687
7568
7381
5202
4530
3766
7886
1153
3115
4861
3490
3160
7534
7745
1971
1204
5794
6622
2330
8919
826
5262
7017
4547
8229
7311
5226
9504
7662
7286
9315
7032
271
8564
4617
7967
654
885
6110
6090
7081
9862
8922
10
7069
4996
7599
988
3478
9540
2921
3754
8550
7922
8042
5389
9300
2904
2914
1645
1249
1255
6250
277
4579
4042
2833
9528
5974
7608
8042
516
7121
6438
1834
6073
5147
7507
4094
3648
1066
3792
1743
7002
6377
5000
9102
7321
5230
6152
3378
3083
5646
1709
991
6446
8832
9706
7951
9749
8934
6966
8071
2048
7735
2024
1170
5496
816
9184
7209
7122
5465
4293
4960
4233
2647
4543
7422
6553
5470
7673
3734
5804
4959
7956
7454
1655
6441
9209
8456
4976
5069
5670
6801
3707
1008
7588
1427
3856
6211
5157
709
1504
2723
1220
285
7078
1148
3516
3001
7646
1913
9397
464
8404
5387
2897
5903
1441
2833
7435
2020
3652
9381
7163
5763
1610
8252
4655
4769
2710
5679
8605
2623
266
9928
3108
2055
1932
9639
3968
6538
9901
6615
2938
6091
7631
690
5157
658
6595
5877
4312
1777
2228
2177
6537
2394
5654
965
2507
1800
7858
3172
3187
8449
4905
4867
8074
4351
9831
8533
9393
8155
5571
8078
1438
6429
2077
1917
1487
3070
4621
9853
9813
2088
5510
3724
5163
5627
8675
5286
3431
6764
3097
2401
3499
7670
3040
204
5298
7581
7725
6892
2631
7900
3929
6851
9428
9062
5089
1025
1902
8678
9855
9238
3635
5544
3646
9725
5299
7963
556
1316
2822
8600
4881
5762
7844
4277
1055
7162
240
8371
4429
6333
5554
9286
7428
4102
4440
6169
4778
7775
8621
1071
7460
925
4469
9042
48
107
5734
2486
4510
9996
2813
3179
180
2564
8187
3772
2986
9448
629
8711
72
5844
369
8329
4137
8732
8564
1731
7916
5819
1499
6214
2090
4910
7168
7571
8762
4571
5025
6182
7320
9161
6377
6489
476
204
8167
551
8811
4407
5046
9382
7630
5690
1734
5241
9842
3047
1659
2853
7252
3037
3333
813
8683
9518
9639
695
6348
6117
4954
5774
1642
885
664
5767
640
2017
5294
6346
5617
7496
7892
9719
6678
7348
7174
3634
7208
5149
9936
4566
7906
5792
6723
9029
7445
5312
3424
8444
2956
3259
7292
6428
5955
2327
5849
8461
7444
434
3734
9010
7939
5316
9192
41
735
6944
8920
6391
9964
8017
9545
5547
1781
240
1836
7309
8398
9461
407
7903
4187
9504
8283
5266
1330
2531
4658
9351
9923
513
8246
3604
986
2181
417
8495
921
7897
1497
6383
3263
1451
8718
2719
4427
5098
7434
8545
7439
9613
8222
7320
3206
469
5138
6010
607
1039
8737
5966
7165
6768
4224
3521
9491
5671
4081
446
9360
5330
9986
9365
1575
3947
2333
4846
5169
2382
8946
3017
9863
1146
9180
2212
3067
2479
9863
2359
6338
7053
5593
797
2374
3937
1239
8064
4480
3031
5728
4368
1299
1894
1520
8765
6916
3689
5287
5820
2355
8064
3994
6246
5044
1467
2249
395
4380
7809
5343
2892
417
240
4368
8525
7963
387
8066
4403
8168
4395
3448
7227
4679
33
453
4053
1114
4804
1802
4164
5084
3040
4323
52
9691
2047
8701
877
2158
800
1487
6805
3910
8413
990
298
7294
3169
3774
8960
2997
9154
1143
4638
3338
6186
8539
8545
7467
5901
3370
1759
6703
2948
9697
9583
4326
5225
5417
1166
2429
3765
8927
1051
1230
8369
943
8019
1809
6029
3322
3337
2816
8802
6110
6184
4430
1001
3504
2154
7815
6034
5856
4182
2702
676
1974
3748
5630
7914
602
7409
8621
6391
6320
9759
523
4920
6332
7073
5516
824
4499
8702
5404
4050
7669
2942
882
1322
6224
1929
2674
8114
9650
1255
2627
7752
88
6472
9917
9375
3110
5299
6644
108
6942
4080
1849
9381
8959
4472
2827
8131
2145
9516
9597
8840
1907
3507
6390
5086
5481
8108
7718
5196
8673
8330
245
2825
535
2407
4517
220
153
774
683
235
3595
1692
5513
8072
4940
191
7583
9596
3596
7723
5106
2625
2491
6601
2515
6853
8852
4957
3565
7519
8959
15
71
3622
7433
7243
4405
4400
9757
6953
4156
3931
3825
7224
1621
8850
8855
2615
7915
8640
989
1871
5597
9309
7708
1326
3327
1573
5142
1680
7685
7771
6767
561
1677
3212
3920
1365
5471
9727
7268
7400
1271
3444
1180
4530
9415
3022
4803
8571
6074
4544
7048
5248
1192
7606
6757
559
7006
2065
6341
5358
8232
9363
2421
8016
1776
9113
2868
9535
5248
7054
6197
5667
2675
8450
1694
9539
3292
9463
6197
4800
666
8614
6701
2299
7334
9528
3815
7626
7683
2125
195
1706
918
5559
1403
4828
5547
1418
4659
7462
3737
2518
6371
3167
566
1249
3863
2263
1432
1339
1797
7866
6543
4847
7545
349
1051
7669
8715
8203
8628
6664
6388
7008
2775
4876
905
3587
453
32
2023
4162
7765
9410
9398
2320
9277
8547
6205
7604
4804
5509
2093
6586
1486
6651
5222
1952
2840
8292
5853
5495
2368
7372
8203
2163
8111
9008
8317
8075
4088
9386
5089
1127
1948
9853
86
5567
7134
2264
4329
808
2804
4860
7553
759
1931
6720
9380
2504
2666
1923
3150
5521
8994
751
9347
6269
5425
7075
4635
9556
401
7925
783
4877
1193
3826
5625
2905
5578
2456
3905
2034
8888
4719
5555
3244
8300
8173
4083
6653
7847
9466
2475
613
8641
7906
8947
2672
278
3298
6751
9593
5365
8334
3012
8964
1990
7632
4210
6836
9046
7005
9043
4064
944
726
5023
9898
2375
2454
507
1139
8031
435
4541
4364
4521
9632
1039
3689
3586
9778
8289
3193
7675
9972
1765
4116
6762
4092
4256
9732
6033
9547
3531
5988
6558
3619
664
4354
5549
5832
7543
2070
1236
3696
6726
4414
456
4922
9822
625
3654
5971
7486
9976
456
1774
6796
1370
3231
2239
5013
5496
8850
6769
2196
261
105
1701
5636
7084
8654
6847
3440
7517
7978
1103
9331
9995
3715
2674
392
3193
3037
2344
3398
1578
8379
5729
3409
2500
7823
7885
5820
7258
8506
1838
4674
3884
6534
8389
6273
4102
6250
2206
7930
2373
6473
9501
1779
490
6727
3
762
1145
6686
7563
1260
6989
7344
732
7969
6783
1919
6139
9720
9196
4851
5419
3598
7883
3679
637
6211
3955
6535
1429
9492
7412
1226
5461
6488
4935
879
1715
2937
1828
6562
5863
9446
8673
6059
3439
1507
9651
749
3856
4200
7882
9635
4387
9717
4389
3362
7575
2899
9677
5194
722
816
8862
8102
9565
862
5640
3007
6607
6051
8678
3087
5445
8173
1984
3157
3975
4282
5373
9235
5910
5187
8820
6808
3004
2177
5053
1312
8225
3079
2
3671
2442
7695
8558
8847
3654
5052
9072
882
8976
3043
525
6052
7981
447
2223
8539
478
4395
8775
4459
3456
194
3013
8037
6996
9525
2955
2629
4207
6422
5924
9874
9438
3930
2809
2654
7746
4797
2771
9273
3098
2095
8835
2148
7083
7219
732
7486
7460
5839
1188
1371
3265
1961
9103
3767
1179
9342
2880
7393
5706
6461
7962
938
3819
5176
4080
6612
3357
7694
74
8681
1315
6774
7225
8738
7818
9360
9831
4047
1787
4247
9448
232
613
4711
8237
463
2555
8024
1467
4256
7396
3617
6574
8264
5383
4860
9006
8169
6920
6439
1263
2997
8139
3868
6751
3688
1950
6628
8966
1472
27
7971
6947
1678
2829
1832
4401
9141
5263
2727
6691
9113
1800
7539
6082
1359
5323
6358
7544
3049
5820
4055
6708
4421
5416
4344
5631
650
2986
9301
689
8972
7321
5297
3965
3649
5827
9514
6353
1713
4336
6624
2522
7568
315
7353
5501
543
7851
5265
2927
1010
1384
4177
3738
8613
7027
6528
9511
5707
8171
6295
1478
3238
8903
8634
6144
4600
1425
4998
9113
3676
4790
5688
4319
2400
6925
4359
7557
8870
1589
9596
5741
3390
2020
415
1959
3607
1001
6617
894
372
3962
6381
1456
5337
7628
6691
9685
1854
3559
9180
5696
6494
4880
9863
6865
6291
6863
5456
2254
2627
7311
9926
3449
1841
7581
8054
6710
2625
614
4775
7329
1187
7893
8159
921
7285
8800
363
8201
2875
7171
3997
4013
6461
7784
7369
4659
9306
4891
3177
1546
2958
5344
1279
1158
5906
9164
9015
3184
7158
8771
1036
7449
1223
9840
7640
3318
3112
3791
6261
6798
3002
4280
6762
177
7067
1682
2040
8167
2981
4431
5287
2284
6913
5208
3755
3411
1039
6497
599
1843
9094
7386
9781
4352
5731
4870
8074
4808
7839
5520
4848
8060
8465
7650
202
5688
4128
3879
1698
1688
815
1351
1000
4145
8575
9322
394
3368
1016
1499
3062
8947
9974
7772
82
3514
6430
4732
5165
2702
3806
162
9272
9531
6076
9129
4850
4346
2718
4704
4222
5481
613
6664
7238
8144
346
1366
1967
8927
5273
962
7996
732
5604
6281
5466
5786
7318
5005
9108
428
4889
7414
6057
2754
3810
4281
1811
5123
4846
945
6131
2658
5591
698
554
487
5985
9495
9787
5160
4507
5593
5829
4405
8218
3489
2053
6992
861
7782
4041
7468
1949
1779
2446
9257
120
9439
5817
4172
3859
1041
487
6014
3519
4973
6876
3844
2322
9423
3053
1698
265
9113
5728
3963
6578
9538
1640
9069
2530
2124
5291
8458
9241
260
6025
8385
6260
8121
7095
8694
3117
6318
4025
923
1512
7727
4124
5786
140
9014
1050
4561
3827
1351
7357
2777
9838
104
3038
488
803
8254
2068
310
2430
2533
2520
3857
6013
6605
6709
2968
6024
5563
4266
265
860
7204
1680
8798
8941
9186
9108
6448
9720
7483
1817
147
1280
847
9438
3116
1729
7357
1498
8337
6644
3939
7632
6951
8168
2028
3731
5270
3224
5942
340
958
260
6262
2355
3720
6746
3230
1751
1272
7631
2840
3864
6062
5417
4979
9489
1269
7847
557
7692
7407
6380
1296
3296
8316
6398
4662
5649
576
3046
9711
229
1970
5956
3026
3118
6366
4744
6574
2115
988
3362
967
7073
6661
5663
954
8125
5483
67
844
7758
2140
4105
3932
9793
3673
9508
9493
8604
1401
8549
1367
4042
2662
493
7095
9662
5900
9596
9895
2705
8656
5075
9153
1881
5062
3824
7033
4788
7926
4080
7339
58
9134
3429
9726
1211
9277
5529
1419
9299
2885
3908
807
644
9970
816
3857
5391
6468
4263
6272
4152
4732
3618
8831
8349
5110
7779
4312
8221
506
2414
9979
6498
659
8874
6484
8203
8620
3585
9871
2223
4447
4436
1788
954
9335
2739
1744
2633
5214
573
8040
3620
3266
3695
4853
9387
8522
7279
5582
5104
7385
8671
8428
3125
4728
8033
6027
9030
2165
3648
6596
1651
4784
3458
2169
7391
371
2487
7479
7073
3097
8307
7932
8286
3471
5787
7324
7527
6400
7477
9885
3906
1205
8691
1700
4358
7482
745
8178
2217
9572
3922
3875
140
6513
7071
9483
235
5893
7783
9836
2066
7872
4653
9414
547
4618
4100
6821
7475
633
9557
7942
7355
6298
289
8010
2312
1456
1672
5632
9937
986
3914
9376
3239
5625
5711
1748
7199
5391
1320
2050
325
3472
9467
8542
7714
2475
6776
7820
5737
525
9650
3205
2809
4975
3496
9164
7833
4909
1173
7156
6371
1148
2941
3039
50
3999
6617
572
8681
5587
7824
1855
9000
9546
9445
1825
3442
9753
3306
859
2694
4062
6410
6499
8651
1411
246
8610
9979
3522
183
9353
7552
1453
3568
4426
8634
6133
2039
5753
4693
1145
7556
4647
4834
3465
6378
832
991
5618
7498
8436
1814
8796
3809
8114
3883
1163
1060
3649
7990
2778
285
243
9666
6168
4844
4731
3228
4890
1401
3933
2764
2165
5953
9054
8718
6261
9
6127
9518
695
154
3456
2179
5136
8111
1353
2950
972
1948
3892
4849
6214
520
7009
4242
1131
7620
8752
6750
1017
8515
1218
9560
4505
4565
4433
5408
7750
1342
2746
5275
511
9521
648
9219
9933
8908
7332
7542
2843
4612
2815
7094
4228
1894
9109
6570
8329
2181
4173
5022
1538
1106
9086
4099
7139
550
8236
7403
5492
9675
6057
6680
6529
9150
2945
9761
3233
3212
894
1175
8515
2198
6626
1289
1792
2545
8456
9832
1582
8536
781
7975
6820
4999
2707
6154
9747
6313
3961
5411
8405
8340
7826
6538
9897
8277
288
8755
1421
2596
4855
2647
1792
6632
4633
4609
7155
9557
7592
2526
1928
762
8704
8042
1469
8691
4979
2081
5338
5890
3737
4644
1691
9059
1189
5053
7572
7858
7518
8718
2677
6113
9564
9425
9527
8566
3913
7156
2099
9305
3304
1395
4875
3454
9386
9635
8897
5644
8205
107
9652
2465
8560
3815
8018
1643
4938
172
2602
1079
9604
1639
5984
20
2510
5659
8057
2077
7241
7851
5265
9816
5786
6506
5040
7313
533
1613
3347
9436
2675
5812
6448
2509
2975
9798
2322
8002
3777
6601
9702
6381
3648
7407
5292
406
3850
444
2166
7798
8783
6809
1422
4970
1615
9611
9958
3903
5597
941
5969
4492
6729
8989
9034
8348
2007
989
3075
4133
6715
4617
2498
9272
4505
635
9903
6916
3370
990
5687
5979
6843
786
8258
1869
6293
505
180
2811
3270
716
986
6285
7707
9153
7496
1251
7919
4918
2066
8028
5136
8086
7823
6558
7463
5389
7016
903
6128
292
1399
7754
815
833
8299
3779
3496
6258
5728
9641
3742
7981
8020
6223
3684
7431
1912
3100
9886
4298
9362
8662
7363
4536
1171
5742
2613
9417
6538
2376
6913
942
7408
898
503
7178
6261
3276
2939
6510
4334
7319
2408
3960
228
4148
203
2950
7076
2283
8329
6822
4244
9790
6283
1929
954
6348
8132
8329
4004
4953
921
461
4253
5364
7898
149
1956
3875
5218
1180
8992
5174
5733
9556
9
7966
3953
187
733
5962
3691
4362
7491
4023
3841
8541
1891
3918
672
400
3954
5689
8952
9476
4274
9864
512
5991
604
8296
7463
139
5235
2412
1407
8616
418
5506
4309
6591
2333
394
8864
7436
8861
4973
8412
8739
6379
6935
3130
2584
5298
3718
531
6693
3789
2338
522
6653
3608
849
9553
8937
5299
4165
8430
1980
2229
7793
9896
6589
434
591
9902
8585
8503
9554
3253
8401
1406
5319
1787
9451
3342
674
6925
4598
1662
9382
5270
3545
4154
5483
5757
7660
8166
2161
1289
5245
1314
2123
1625
1172
2721
9082
5816
550
8063
8864
3783
9372
3777
3826
8803
6549
3841
1030
1758
1347
2842
6924
6695
1001
4990
4997
1831
5172
9978
1690
4513
1428
3610
1889
2186
5113
3339
771
2685
8170
9106
3973
4154
2572
1122
2891
7062
2092
747
1057
4377
6223
3796
102
7673
1706
1283
6465
2828
209
1684
8142
6462
1141
1201
101
1374
9625
4629
9341
4851
2471
366
7946
4831
6692
4050
5217
1216
6427
201
3578
3028
1244
5360
5451
7271
7139
6420
1781
5170
4263
1035
8200
6907
1841
9821
4685
4754
3256
3923
9735
1665
6925
3932
4119
2544
1251
2688
8086
8093
5368
5740
8521
8755
4687
8688
3760
1835
6520
8123
9573
3158
7421
7571
484
3721
983
201
4192
9465
2440
7025
1551
7473
3459
5683
6908
8295
5287
4505
4270
9225
36
807
4367
4057
7848
611
8447
6816
5959
3424
3248
2094
5454
9815
8368
8741
8342
9430
6786
1451
8444
6803
8930
8953
8667
9814
2601
2751
1662
419
8198
8076
7044
2853
8514
5389
3302
5234
8139
1406
1457
7659
4213
7854
5442
9717
7523
7536
8074
3239
6114
8203
9457
4813
9299
4204
950
2521
1221
1654
4681
9167
8026
6011
3613
5580
9512
8003
8085
1653
623
5966
6227
4081
7734
8177
429
1987
1286
3403
7634
5365
1894
615
5384
9137
7923
8725
827
7464
2989
7039
1176
2759
9965
1154
9133
8406
6111
2381
8362
9918
3991
724
5437
598
785
5287
9949
1410
3730
6737
1902
1307
8751
6786
9256
2458
9189
7769
2912
1547
3667
8223
7170
6815
4227
6054
6512
3744
3300
4098
4046
5883
3849
9179
4687
6462
7887
7843
4219
1661
9540
6513
5288
4352
3115
2741
2227
4437
8334
2722
5627
3177
1029
6753
1025
6175
1843
2098
3948
8428
9811
8129
3410
6996
1018
7339
8651
7495
8167
5558
3782
2217
7554
7956
3859
7718
55
9021
2629
6029
3347
4289
2300
9130
5032
2814
1514
3776
4209
6968
8502
8639
4864
2921
58
3312
1175
5407
5183
8897
3010
3065
5439
8902
2900
946
5108
2489
9589
506
402
5455
87
5626
9316
9289
6698
4331
1559
4117
198
2268
1708
6539
3841
9863
5493
5227
7740
1793
3341
1242
1979
2057
7117
3377
4001
3812
7597
8293
3444
3331
2454
6939
3268
5511
4679
8403
9881
2059
9384
9475
3652
4221
4609
1246
9761
8457
8234
388
1367
4225
4974
2582
6795
4724
155
6411
7879
9461
964
7506
1435
8424
298
3396
7385
1045
1223
9561
2629
3261
3493
8249
7718
9411
8790
6807
100
8432
8902
234
9976
528
4824
7478
5492
2206
8164
4202
3739
2951
6177
1619
2560
3617
3930
5116
4049
4776
8530
4690
4546
6415
7481
3929
110
8591
2913
7483
1334
9957
1903
2601
7640
5440
2221
7194
8164
8297
4710
4472
2404
9170
7114
7302
3205
4821
7847
1330
3166
3198
8395
3464
317
2742
8206
571
3664
8923
7422
4107
8863
6806
3621
6178
1352
9289
2112
7511
9193
3171
2502
1745
1324
5891
915
6555
9525
8536
3709
2534
8853
6223
7207
4888
9906
7603
1278
951
5970
9176
8713
5559
569
355
119
6798
654
3696
9632
7516
9293
6397
5706
2978
3500
9920
5284
6939
403
9125
2074
5274
1567
2170
9047
3827
3692
1900
281
9906
3670
3055
7423
4500
7224
975
8134
4667
9033
7533
5735
6283
7875
2150
5912
7021
1682
6064
9484
401
4781
2116
9775
3214
2495
409
1212
5200
1073
3040
3219
708
600
6951
1114
7275
1189
9556
6427
4975
29
2778
4374
1684
7986
4091
9105
3774
8345
8529
6377
3462
5290
2784
430
6380
1589
7739
59
8041
3832
3326
6841
8580
2559
7966
2689
9437
2732
114
8649
9412
2156
3668
659
4920
6188
8020
1525
8233
5572
5468
4309
6248
7591
5853
1954
7530
189
9613
6249
632
16
1501
5348
5471
810
4006
7921
4321
1818
1795
1778
4361
1032
4757
2692
7335
2207
4697
7221
6107
6039
301
3303
8737
9569
921
5784
7585
9735
1036
6260
8607
8804
2850
8434
3738
377
2438
2050
258
8474
61
1933
6902
8802
29
3331
9184
6898
8170
2075
595
8740
2165
3074
2009
3575
2414
9005
7002
3655
4339
8672
9439
1532
8130
5002
7316
2640
5320
5433
1120
5820
7534
1011
5077
2249
1032
6297
3668
9136
5781
7500
6645
3436
5634
8736
2269
7536
2462
8625
3826
358
7903
6421
3533
1938
9274
2832
3236
3641
6759
2448
6031
1012
2445
2977
1617
3231
360
4289
595
8383
8039
4208
5238
5228
6918
6622
4913
3459
3326
4009
1849
7621
6405
3095
7000
6107
5120
4312
605
1317
6994
5283
2020
7231
5052
3578
5804
2754
9651
3072
1410
909
6758
7682
5990
1763
422
4553
7710
285
5742
9397
5112
1336
2946
4185
2548
1128
8620
9073
4690
3385
3822
5893
9016
7178
4654
6779
9820
4705
7345
2539
4194
2025
9276
4536
6374
6150
7373
4872
8042
542
6226
7736
2810
6885
8642
1582
4511
3251
9897
9633
5644
364
4981
5038
6367
8433
704
9482
3141
7283
7962
4140
1002
1566
2201
9837
744
6692
8459
4465
2912
8457
1918
3372
3654
4159
5399
9117
5850
8239
3875
2603
6393
5104
7967
5019
8149
3907
3629
1942
802
7534
905
4221
7724
6209
7827
5903
5940
5194
3147
9651
2237
1456
9534
4999
5955
8944
8531
1059
2197
1530
3115
1897
9487
663
7390
9464
3584
1135
6534
8524
6336
1274
1233
2460
3890
1302
7905
5459
4940
8415
5273
6579
8511
2316
1940
8591
6402
6598
2292
1667
1164
7105
8870
314
7547
6212
6448
5566
6441
8686
5853
3825
7490
5178
6377
9874
2631
8991
8288
2464
9038
2483
72
9899
9518
4794
2071
6887
9076
8578
7043
683
4431
7080
2189
8398
414
4186
3848
1949
1779
2748
8573
3336
6811
4166
7640
2928
6927
8113
7618
8180
3222
4656
6457
3366
6230
4145
6540
3968
4760
17
2829
1082
6782
9548
7015
4157
461
1516
5182
2147
6856
7891
7801
1893
8430
8950
3526
8783
6923
1163
8942
5175
3345
4761
9835
6165
3511
8308
684
2380
8994
2368
460
2939
5500
8464
7685
6775
3493
7516
5631
884
4388
3961
8177
3730
7641
4790
2002
6963
7441
564
5107
5005
2376
6807
9637
3689
8161
5664
1550
4069
6703
3671
1319
9498
572
4774
361
9516
7592
9884
7593
8118
6977
3937
4887
1776
9273
7329
6646
888
8236
9682
2464
7927
8084
1586
6567
6024
3977
2235
6442
7260
1755
6127
252
9761
7888
2082
2981
6764
6284
7846
1025
4299
233
6438
8737
4594
3346
8559
5004
6565
8311
9912
803
2890
9111
6522
7821
2561
2085
6838
6276
2877
8987
5238
3788
6491
144
8596
5193
5791
3073
941
9299
6257
3113
6861
4302
3298
5565
2551
578
4188
3788
3287
9094
133
5553
3003
6627
2135
6651
6247
7152
8462
6677
9634
4608
2652
3745
7667
6494
1288
687
4217
8115
2078
6686
555
3830
1550
8277
2192
8008
471
4458
4122
4707
2666
3754
7603
2791
6079
2648
8814
2459
5357
6395
7578
4804
8955
9814
5675
8652
1797
7394
1006
9572
1417
1993
128
3176
1834
6744
7402
1825
9942
1004
9781
7846
231
4055
4766
6273
3517
8677
4413
6237
906
9176
1605
1331
5636
897
4037
8669
1129
2423
420
9039
715
1508
8400
4529
8940
504
882
8087
8160
8716
8816
9039
8290
2991
3527
5850
2336
9597
7080
6291
8857
748
8032
4677
7256
4208
1040
5742
7177
2985
4481
7723
4329
5743
3988
7296
8769
4674
7896
9700
9074
41
7528
5856
618
1712
7886
9748
8971
6156
6573
805
9050
7134
490
3908
4736
299
4651
6408
3141
8903
1260
2350
436
7111
5034
8624
4667
9923
554
4563
8902
3683
1307
3116
730
9130
2718
7049
6032
2290
4777
4317
3448
240
3264
2782
3368
5012
719
7216
1394
7701
935
4954
6434
2664
9464
5954
8725
9518
3094
7385
2671
8359
9993
6483
8436
9401
6033
1116
8396
4979
4879
1935
6122
3326
878
2995
2250
1892
8563
728
6051
5794
2652
2918
5799
431
9262
5749
18
707
7517
3721
1008
7516
5514
698
4976
907
111
9734
4027
5303
3321
1395
3976
3026
4262
7552
904
7737
7309
9341
241
3920
7677
2576
1398
9748
6839
5460
1211
3031
6433
1528
5817
2860
7125
6276
7298
7493
8162
3925
513
2965
5069
2308
6918
1507
1131
1569
5117
5615
2409
2090
880
3410
8707
7490
1679
1575
6001
8005
6439
606
5196
8828
9017
7490
5853
4532
2814
6394
2014
2310
2526
836
8060
2088
3411
9273
7463
1830
5934
2576
5968
8231
7619
8354
252
8017
352
9688
5176
9925
2833
2237
5718
9338
9271
2833
8389
7220
9984
2546
7904
7515
7434
3574
4704
5840
2347
5007
2309
6287
6110
4290
5267
1028
1487
1427
2856
4120
3698
422
368
4492
7117
583
5020
1212
348
7397
6102
866
2929
6529
7040
7282
968
7698
8468
889
7430
8580
811
7532
4134
9686
5106
1059
6112
1215
7190
9154
5318
6333
5765
728
9244
5618
6382
1462
9955
9428
1273
5079
641
3373
2262
4467
2576
98
6296
8148
1449
3181
219
5359
8545
7615
2778
854
4753
8182
9827
5516
7824
7791
5486
2958
1244
6932
7101
2097
3754
2560
576
2079
2762
2487
7134
3407
8582
40
3775
766
3409
8393
9979
1813
3072
9690
374
8913
784
2923
7
4270
8860
702
3130
7376
3480
8709
8068
3843
7235
1109
5250
1538
8353
8499
738
9430
913
4961
6023
6060
1270
2743
4180
6176
9919
7105
7568
6110
8749
9118
2005
3032
5122
4593
9909
4457
5721
85
2526
9719
1835
2080
7490
7167
1724
4094
5669
8234
7339
6366
7179
7564
3927
6623
5470
5982
229
148
5100
3126
1204
1305
8992
8947
4906
8246
9083
8638
9847
9473
1280
4058
3323
5974
8977
6976
9895
2100
9994
2598
117
6916
2286
4662
5394
6390
1216
8633
7709
5670
3882
3090
9725
3611
1224
8754
5137
5774
4062
94
9465
8341
7503
389
1908
2255
218
9763
3654
8091
6521
8553
9747
4180
109
4082
5800
7784
6407
4738
5177
7419
2405
4942
9608
7836
9293
9745
6270
3028
292
350
7380
2985
2497
8376
688
6545
5906
5252
6759
6058
5825
3413
6896
4042
9160
5903
8338
9411
5128
5922
5878
4204
9924
4757
3520
7338
354
7523
5755
1040
3908
7587
8554
6658
4562
1744
3554
9239
3417
1206
4495
4413
554
8354
4005
7140
40
7969
5735
6007
133
9778
3882
4226
9847
6296
4001
8159
513
7589
4738
1627
2843
3791
6605
3962
8582
325
967
5843
6359
7483
4263
8330
9960
9630
4403
118
7760
3048
2579
1711
8244
2198
2334
6162
1202
335
1353
6627
3028
8754
1983
8778
4771
2637
3703
9767
1131
2308
5711
9096
9244
1063
3400
4031
4013
1786
2657
9049
4364
7950
109
6437
9653
1831
454
3859
167
6951
3736
52
9852
4028
859
7902
7774
1153
8846
3847
7600
7549
4671
3525
1757
7956
5708
3121
40
2848
4227
194
5615
3511
4746
4066
1117
8450
5004
630
3850
6211
3905
8541
6306
9328
9024
3431
3345
2790
8938
4699
8443
9106
4251
8583
545
9462
6763
7914
861
9223
1049
3194
3834
593
6082
6087
9115
1793
8592
6177
9083
5151
995
979
8311
9526
8404
2634
6200
3672
4042
2812
1278
2528
7884
1958
9227
1363
1834
1520
8678
2962
6030
7045
406
8027
4029
3894
6191
9999
9247
6850
5349
2066
9163
837
147
8585
6007
9818
9487
9154
8693
5544
7692
1471
5397
9874
6592
3986
8424
872
6607
444
7539
7635
8294
6008
7312
9237
2689
6422
9140
7497
7142
9000
7742
5576
781
6039
2850
4647
8648
4084
2173
3726
9881
5164
9153
6508
5402
3336
8869
6109
5150
3847
3265
2932
8213
4414
4569
4977
528
8553
9113
9930
5159
3253
8828
6997
207
4356
3552
4241
3795
7366
2769
2176
4558
9346
5697
8403
6152
7483
3917
5259
8206
4315
9976
2599
813
7044
2377
7914
8402
5671
4757
4569
5214
2972
2525
8737
7415
9261
9622
2925
2588
1013
9399
3410
5197
3659
6434
3545
1899
9136
1778
1145
6569
3301
2745
1091
756
722
8798
538
3254
7770
1601
3669
6405
1723
6904
4277
9695
5950
6940
2894
2083
6518
1784
8213
7021
4317
631
3950
7590
4374
8635
5205
9321
4360
6404
3624
6694
3664
704
6700
98
3597
5117
7160
7491
2679
5787
3686
5295
1262
4212
703
2813
3236
6362
8867
3421
4850
9470
7914
8787
6589
5236
2437
2599
55
6375
4847
6553
6123
993
2524
1298
1912
7046
1820
1377
568
4147
5807
4784
94
7268
5272
5475
5209
6808
5758
2086
7495
6190
3676
5961
7041
4729
9790
2196
3379
8688
2919
5336
8521
1359
3530
3980
4140
2165
3893
337
9885
335
6118
6152
8121
3070
7936
5439
8578
5928
4882
1992
3186
4896
6027
4623
3126
9886
926
2473
4754
6274
2692
8507
4686
9499
8089
5354
4934
2219
977
1276
2063
6617
6907
1331
8874
53
286
6167
2365
1088
6274
5595
3469
903
4182
2636
8090
1179
5646
5077
4003
3075
9523
6323
7923
660
337
9596
6161
9296
1442
3744
6306
8976
6533
9728
9558
8132
3930
5866
2249
6259
5752
2187
6814
6448
9625
3858
8839
2053
2650
7600
2632
7711
9913
4902
8968
9971
4000
9106
7780
5589
2006
2191
1228
4349
5048
9390
8771
3149
9799
2365
5539
153
4895
1799
5648
1232
9333
8791
8688
2125
726
6006
1359
1731
270
4640
4485
5260
3756
4104
4650
8137
1498
4934
3625
4609
9115
9859
406
7474
6653
1249
6482
2162
1564
9925
5936
20
4382
5744
1272
1668
5324
9323
922
6086
6230
6492
4417
8590
2071
2035
772
5480
2158
1574
4197
6520
832
2623
1283
2623
3919
6794
7049
4226
8010
1701
3741
5888
3491
3679
5059
1348
8094
9936
4235
7049
9087
8701
711
2639
8694
3882
3740
6698
57
4406
816
1341
3014
850
3580
4917
7707
7878
7004
8746
9473
9051
5995
9023
8602
8069
5505
2045
9431
2451
1908
1613
5445
4523
4321
8820
7246
5264
1351
4390
2458
3019
6244
7214
487
3628
2139
8143
8041
7600
2119
1800
7866
546
4936
6627
7959
5915
2280
45
9078
8756
8302
660
9396
2183
4175
6249
1745
630
5623
5003
2393
3174
8878
7855
7433
1730
5014
267
3337
6887
3165
2714
7223
2519
5465
5613
6352
3455
2172
8275
9140
2570
564
1125
9145
761
4446
887
3263
7459
3737
9909
2048
2927
7017
1689
3142
3068
6610
9894
245
4313
3814
3982
1838
737
8795
8697
4365
674
6268
6296
524
1650
7930
7874
4601
9934
7984
7330
3517
7517
2919
7482
1250
3802
3935
9948
8233
9716
6049
6310
993
9152
1882
2435
1201
1469
4821
146
1789
4065
3722
5851
9374
9429
4615
7566
