2629
378
3252
1020
1316
1949
3045
1680
4986
282
275
7534
1243
8150
6996
120
7883
7828
1368
7624
8283
1828
4981
5132
2724
2859
6188
6944
2328
7994
652
7389
3664
760
6268
1822
7364
8650
2198
7367
9938
4845
9415
2708
5061
5614
7127
8219
3447
5205
4189
3541
6784
2047
9489
9590
1460
1251
102
2357
9789
4459
5761
5174
3970
8813
4367
1505
8977
8610
3761
430
6716
8442
4585
6555
7405
1336
2002
8312
5882
8592
9808
3815
7475
9087
7864
7938
7637
2171
5389
5623
854
4372
5037
3084
3565
5252
279
3444
5795
11
4002
5667
3295
6727
816
9912
9594
3020
5637
4752
924
3951
7225
9809
2314
1856
5280
5001
7260
4547
5421
9442
7347
3326
9803
9916
7839
7696
3564
3870
743
934
8245
485
9519
7910
9692
7301
3413
8545
5188
9225
6758
2037
338
709
1845
8691
1351
1972
3610
9226
828
1826
1146
7091
3762
355
4811
8073
7047
1553
8847
1186
3917
5171
5700
2425
1617
8006
4285
3849
8120
8778
438
7979
3640
536
1885
5685
7469
9753
333
2046
1876
1400
1534
5020
5292
8546
8648
8593
827
3216
8500
1945
6656
6627
1027
4887
9409
5594
9668
4443
4776
4373
6397
4784
3646
5455
1126
9346
222
6416
1938
1253
7349
3385
4285
6174
3641
8765
4470
351
4279
3190
7322
4572
5063
62
1906
9757
5673
998
3910
5150
6306
7366
8560
5492
1067
4506
7944
6754
2828
1599
9948
8815
7816
4461
466
6871
6574
4750
5639
6689
562
1659
3615
4198
7998
9180
9942
3715
928
2649
3526
9101
5711
5956
538
3453
2625
5291
7321
2077
6259
3782
9261
7778
8490
1694
5455
1413
3707
9266
410
7370
5168
1684
837
5232
1349
9512
356
5287
3510
4138
7177
9737
3629
9426
5473
8557
7195
3278
3754
6013
3851
4986
657
7140
4381
6730
9813
7932
5998
2511
347
6007
4227
5307
2171
1753
9135
196
2250
599
3594
1375
6695
5189
4704
6231
2911
2653
9656
6514
6408
631
3426
3664
2542
5674
2692
8069
4490
5893
568
6471
3122
1699
1152
594
9175
6266
5978
6089
235
2043
8148
9602
7365
8359
6772
3783
3238
7982
1341
5878
3451
6641
8976
8771
994
7221
9517
5429
7151
7705
304
575
6224
3096
8442
2381
7738
2332
9797
5650
1522
8549
6392
9209
6963
5505
1152
2237
5070
4155
1695
9119
4348
2164
5534
2479
2894
5902
2729
4837
1231
8666
6907
4584
9390
299
6331
7278
7856
9880
7728
9649
5634
6600
4317
6285
738
1328
6036
3929
7839
4247
2400
4545
5421
152
4428
9943
1481
1189
5251
1616
7454
240
7412
1281
6604
5870
4793
9749
4603
3315
8583
9615
3490
4975
9742
3584
3959
5334
8748
8662
4927
2245
1910
243
4515
3224
8054
9646
1306
2268
5116
9408
5761
1389
4360
8213
2263
6686
8101
4842
6649
7890
803
5083
2998
6421
9993
7971
4579
8831
2666
9919
9179
8216
9950
7146
3849
4868
9559
6586
6969
9808
5043
999
1945
1045
3675
3474
8990
8343
2920
9490
2801
4723
3057
5055
8987
6963
722
9945
9167
8270
643
1897
526
3811
8488
5204
4231
9862
9614
8220
6742
4757
8764
3759
1511
8367
1778
2866
5093
9300
1262
4635
3641
6429
4353
8876
6013
2174
5288
3807
8937
8906
7908
6770
4955
9059
8509
5546
3479
1418
5093
6261
415
6577
8542
4866
8989
7027
5450
254
9921
721
1919
609
1151
8091
3382
5192
8499
7578
679
4243
2462
954
1875
1888
8614
8031
9451
7811
1642
8988
9648
9470
586
5512
8421
864
3320
4871
6452
6168
8214
729
415
8677
1326
8836
4456
6587
4465
5226
8506
9474
1408
4684
8181
6058
6804
1205
1497
6728
3669
4799
2102
3915
688
2156
120
2572
405
1935
7290
4140
1086
6196
6067
108
4276
5214
7620
9876
4969
5700
1156
8826
9722
2256
9108
6472
7496
295
9378
786
5597
4165
4879
427
2488
1884
3213
93
4002
6753
7764
988
6203
789
5021
360
4952
6063
1588
9533
3796
5668
4130
2109
9931
3116
7694
7347
5101
583
3338
3134
3114
2043
6740
5659
3772
7188
9768
270
515
4166
3966
4862
9887
5481
9254
4521
9140
1895
1039
2846
6249
7624
1654
1002
5310
6704
1343
4075
909
8719
7163
1957
7461
6569
4578
6963
691
6761
6694
2287
1055
5494
9767
4858
3512
1089
6204
3216
8798
9351
6161
3011
8005
312
2161
974
801
4803
7582
1733
7627
1234
829
2861
8582
3439
5910
3967
8388
130
8350
2688
2588
3954
6097
3516
347
7127
1246
1141
803
6142
3726
6881
3564
3075
9516
540
6006
8117
4024
9455
4263
6143
3652
9507
7599
6870
3407
6604
518
8375
4585
4208
950
4114
9048
9813
7899
806
1012
3130
7232
7703
2149
9834
9081
2780
2364
2778
7462
9470
6694
9742
4919
7608
9058
3866
6248
5635
7443
8917
114
8849
8761
8615
156
8431
6863
2490
1681
2472
9753
9818
3988
6553
8062
8198
128
1057
4876
7856
2062
2040
3970
3503
9485
9025
6344
5130
3
8228
7606
2113
892
3348
349
5274
4694
8506
2739
9803
8162
6184
4689
7034
1323
5880
8302
1753
3151
8705
9713
2871
3638
4243
2082
6637
7912
2565
1307
1256
2459
7396
2859
951
1864
6710
6118
5660
3980
3919
5251
3975
2189
6294
9954
5784
7230
9039
9331
6764
5549
8517
1249
6187
6839
541
3608
7593
5892
9557
2087
8821
1549
402
3717
2539
7328
8410
4787
6195
8534
2249
2544
9441
6695
4836
514
4932
4410
9215
1251
4674
6777
2163
3495
7652
1564
2793
4554
6780
8781
9760
1549
5975
179
6426
8645
6418
4031
2700
840
885
4156
1681
3306
147
2565
3101
1674
7248
9536
64
4865
8075
9947
5711
6885
825
4994
42
7656
2905
810
1172
4458
5727
9803
9154
3117
5452
1046
685
1385
841
9829
4864
95
441
3764
4557
1697
9466
10
5930
2407
4361
1738
8279
4420
2760
3117
7041
8403
2876
9208
1930
8314
1722
4265
4474
9951
5788
6683
3296
1148
5895
2574
7694
5155
8702
5425
9171
5459
102
4181
6160
296
5721
1646
5944
6641
2306
1736
6017
9745
8820
9795
6967
1377
7930
2884
6285
1343
7040
8690
4574
5065
2600
2188
5872
3895
6968
2579
7489
4977
9169
5158
4239
5947
9212
2237
452
1469
2187
2113
839
3926
345
9439
9048
8781
4664
2357
7645
3048
1664
992
1871
5397
1850
5614
6428
3573
1069
8591
5939
298
7258
3268
4119
8177
2905
2843
7152
3408
6577
1160
8371
7532
316
1789
9486
161
3145
8646
1910
6430
8271
92
8628
3442
1483
3929
9588
4894
6262
9320
2406
4040
3710
4014
7035
3055
5902
3293
5983
196
1701
6209
8135
1312
2177
3417
9126
6460
1017
5286
4468
4950
6954
2963
4537
59
7493
1944
7039
949
2522
2009
8798
4627
7497
7528
9372
6794
6697
7539
929
2106
7207
4567
1137
2714
6068
5012
7050
1163
7554
68
3439
9476
9069
5369
8007
7399
4722
3605
2477
9400
2580
730
4785
2684
4954
9169
7291
9576
3684
2629
4824
6797
2251
4881
5705
6700
795
83
33
8559
172
1604
9646
9018
4310
5600
2424
1903
7601
1789
1101
1064
7435
9349
6563
3497
2975
3522
8353
151
2441
9838
9199
192
2389
6845
5200
6020
9969
9983
395
9461
389
9734
4684
1427
229
5685
7598
3300
4457
6913
6015
3262
3244
7631
2070
6687
8667
1637
3697
5940
8747
6487
8347
9735
376
7087
8851
3609
6772
2434
9176
9971
9758
9315
1975
6869
6239
3785
7893
2961
4471
9465
2541
4986
8316
6831
6426
6039
5366
941
46
6264
5941
6840
5571
1236
5939
1541
3115
7713
5853
4337
6067
8188
6272
6347
7275
1117
3759
9713
5986
6737
1410
927
3684
4324
6136
6813
3585
8805
5148
6495
6180
3457
7777
6106
6712
1692
7360
8311
7463
796
5046
6329
6529
4701
4975
9281
4487
3314
7470
2717
2205
7943
2804
5534
6756
2278
9515
2147
503
9163
138
6942
3700
46
1983
7643
3821
5987
3812
1646
8536
159
7516
7350
4054
2152
256
5202
8331
8502
9858
9
693
3273
1998
5468
6035
9676
5251
3696
3384
8157
8516
5876
1746
5336
7911
9033
9205
2085
6921
9281
9533
6255
3334
6028
7715
6470
2212
9652
4574
2386
3516
6240
7821
9459
9658
2879
5946
8414
3969
379
3675
8007
6524
353
593
6203
3379
755
7960
6458
8570
3727
7264
2986
3605
1251
6427
570
2893
4239
6939
3757
707
7157
9736
422
2004
6116
4084
3831
3111
8140
6488
9725
9406
122
8799
7657
4647
4889
7589
1698
5833
9240
3125
9486
6074
4840
6518
2475
7535
6056
2123
7087
8785
1116
7976
729
3089
8199
4127
177
5104
115
1427
3602
5955
2004
1237
6058
4681
1855
3268
436
869
3745
6078
4087
3845
5783
9988
4941
9360
8485
8019
4592
9868
3580
2855
6484
6849
8759
1621
4879
9156
4870
245
553
6914
1810
6916
1952
3954
2035
692
8992
1838
4375
7190
3412
6916
6479
625
2003
7289
2198
7859
6942
3492
829
9549
6632
2736
9283
1439
8409
9490
1201
9956
1939
2283
6556
9383
1647
7031
6414
9493
5221
476
3941
1121
453
2665
8391
8993
467
8500
5152
8064
3004
3511
4692
1445
9781
3050
2352
8818
5391
6933
9789
308
880
7342
1390
7647
6046
2385
2722
4835
8971
2899
9064
7573
4504
4241
619
3396
9497
3712
4564
4327
6211
7400
4180
286
9102
7977
5199
5044
2942
3871
3293
1206
6472
1237
4253
8386
7986
9183
7753
4814
7041
5719
3675
1058
652
6327
4503
1532
5900
118
9378
2244
6904
6691
9019
1885
7620
5408
8909
8663
8597
5703
5141
6951
9293
6531
4288
2977
3822
2084
3976
7928
9818
4849
7546
8106
7567
8620
9580
9612
8165
1693
5187
6739
8670
5330
3749
8458
6256
4863
6083
8197
3942
4383
90
3900
9405
4545
1138
4027
4504
6619
1448
3049
5516
6824
9090
1008
8062
5643
461
3253
5618
5911
8053
5964
3829
5312
6634
9044
9623
1990
2565
167
4673
2015
9602
769
8594
296
9008
6432
6795
5290
5289
8530
2087
3187
9507
7854
6105
2817
2362
7749
7359
2761
8600
467
3764
4110
1904
1221
320
9263
5345
8969
2152
603
5152
8168
551
8923
5542
662
445
2246
775
454
3357
1373
6287
6746
41
8664
3418
9746
8931
888
4585
2383
9597
6203
3211
1829
6115
9845
7229
9238
6013
2484
1461
3196
685
1034
6347
4916
3845
5813
9783
9013
4639
6579
8171
6677
1965
1847
8662
6473
249
4318
5486
5801
534
6068
8700
7078
2610
6773
8596
8857
201
1273
1153
3608
5501
4954
2548
1052
7967
5861
2233
2901
4889
5642
3923
5735
3540
1313
6160
1696
3712
2091
2944
4815
2425
8209
6891
7598
2348
1954
2916
6160
1541
9684
4116
6427
8859
7875
678
9147
3749
4470
6062
6271
2641
4197
281
4781
8104
6860
5534
697
8748
7195
1857
9132
4127
7732
4604
7412
6801
2467
9477
9998
9746
9505
997
725
1990
7683
452
3377
1892
2252
5589
5701
614
3781
9537
7113
355
1221
8251
9667
4480
3628
1926
2385
3327
1670
6536
7891
2865
181
8169
9406
1667
9650
369
3460
4341
7067
2281
1430
585
2517
1434
4050
7322
5516
1694
3996
8181
5630
3662
4430
3430
8019
7150
930
1233
144
4227
4718
799
2603
84
7869
4201
3662
6600
7449
7878
5353
9839
5016
2901
6060
838
8740
161
6119
3735
1447
6485
7943
3593
7495
8253
1427
5250
1165
528
8670
9658
8221
9259
1143
6081
1749
8553
1881
6442
9675
1287
31
152
410
7803
5562
6439
5879
8797
6606
1785
4489
9657
7636
9081
7095
8754
8645
4816
5876
7250
9779
7242
9607
7241
5883
1434
520
9088
7905
8422
7950
8533
6052
7879
740
6438
6249
5940
6460
156
5951
9460
1407
4457
8617
5582
6194
1605
8430
9615
9385
8368
8139
3554
6146
3216
532
7661
2453
7446
4752
4985
5346
3082
1305
3885
6289
447
8359
4330
1897
4513
8415
9578
7020
8540
7110
5989
2790
2337
6528
9354
5248
9943
7332
662
6403
8409
187
1911
6611
7133
2306
1357
8975
5254
6396
5431
9448
7865
9035
6920
2017
1504
6388
6339
2766
5956
5799
92
1890
6172
6265
3434
9400
218
375
6485
6557
9612
7616
1421
2250
8512
9940
4726
3096
1460
354
6443
5654
429
3480
6845
5946
731
6002
882
1620
7189
655
7093
1419
8474
9856
8402
9997
2240
1171
4505
6155
5430
9464
7800
9380
5559
5667
912
8322
4922
2560
2959
9637
2428
9674
3324
5194
2296
5823
9113
8569
7729
7337
4556
5207
9462
6623
3019
1882
232
3849
5767
9660
7075
4241
3724
6143
2267
7850
2698
2113
5979
1853
8514
7816
8227
8797
9494
3884
6535
3191
5868
7786
2120
3532
316
4542
6464
5722
8148
1562
4808
244
4442
9044
1970
675
5293
232
2280
2391
1274
8944
9747
7213
8526
4850
2791
8798
1718
1768
6095
773
2086
9388
5677
6838
295
737
1306
7652
2527
67
2540
7708
253
9046
6613
7120
4621
3716
736
1866
5493
4465
6172
7922
1958
7184
7893
2375
7265
2557
3673
1695
3232
1213
6573
7213
1943
176
2302
1187
4939
7241
3145
5419
6501
947
9341
2545
7683
2953
2334
3287
8964
4731
4703
5542
2438
3199
2363
4854
4214
9173
988
474
650
3921
6578
9720
5848
6823
9545
2945
353
9731
2308
4806
2204
4804
6686
7838
942
2468
4045
1378
2089
742
3009
6347
8271
7989
4298
650
8046
5263
8485
4871
8753
3808
1636
7747
229
8963
8542
1652
4717
7852
9223
7980
3484
5880
9647
2527
5798
8466
2999
3784
9941
916
3855
6188
2418
808
4253
7338
679
379
7241
3799
1722
1268
148
773
4344
9777
2641
5470
2528
9407
8483
9318
9238
9171
6770
2490
6372
2238
5383
2835
76
4060
6711
8150
4883
3938
3658
9341
9086
3525
9509
6865
9964
6428
6412
8471
4785
1605
4215
3606
9031
682
3832
936
4478
8559
437
7596
9448
8917
9829
4671
2860
6388
4892
2627
7217
429
991
650
4881
8931
4454
8339
1573
3652
9754
268
8108
1375
5045
9690
2084
3469
368
4519
2588
6020
4333
6768
9258
9022
3744
4556
5823
1941
2488
3718
9036
2805
8077
8640
7577
738
3321
4659
9796
6249
2729
5585
4707
3749
8586
6018
843
7046
6909
8607
2419
8927
8261
2995
8867
8855
8688
9184
5556
6144
8223
5675
7068
2180
7224
4674
7764
355
5135
2469
7876
9361
9373
1683
9649
8767
8736
1659
4933
4051
4374
1262
4247
180
6054
201
9115
4159
6715
1593
9425
7722
9986
5258
820
7981
9873
2758
7566
4456
49
7518
8989
1430
3696
1634
9887
8437
1812
7887
5397
8020
4457
3481
9717
2472
5268
9491
6446
5575
1029
5181
3903
6545
6385
4597
7438
2664
5290
7737
1096
8707
7459
3822
9120
167
3726
5790
3821
6113
7793
4875
3883
7639
8906
9499
8564
6885
9895
913
8853
5275
7657
6574
5355
7660
7591
4773
3535
4264
1197
4009
3431
1988
2114
6037
7474
8966
370
3393
4447
2814
7822
5118
736
3590
5484
6471
8206
667
8096
8751
6513
2600
7504
3480
2796
9330
7781
5678
7952
5808
8580
8610
1468
7437
3179
3794
5938
236
5764
2936
5267
3359
7809
8104
57
3224
5753
6108
7843
6857
818
9857
4537
7782
5091
8348
7999
3934
2897
4165
8754
2359
7500
9164
6825
7118
8731
2014
6717
6383
9894
4785
8656
3369
5739
9787
3247
194
9160
3306
9352
9147
1262
4097
8728
2174
408
7406
9221
7524
6467
7720
735
1402
