5698
6946
6226
419
803
3525
111
7663
3789
8783
9437
5870
1865
5413
932
6296
2792
6504
3165
2504
9917
291
6715
6236
3186
8753
8783
5542
2650
4224
2964
9942
7168
7594
4286
313
3207
2240
9039
9499
9794
1552
9984
262
4401
3809
502
3481
2519
1618
6102
3503
4381
5215
2786
8065
9567
9836
4287
7046
9078
793
998
256
6301
8512
3002
4863
5992
8785
1468
301
1906
6486
5235
2285
4104
6483
9558
2317
8048
2131
5397
9353
7320
681
7759
5456
710
369
704
2470
8411
6156
2815
7332
2927
5956
3117
5497
6082
8507
2208
6892
9326
3837
9272
3735
8523
9008
7884
2486
9206
5131
8417
208
4376
8108
1333
1498
5333
2520
7827
1263
4079
217
9705
8615
7644
1358
1698
6861
10
3298
1755
3472
9401
5265
485
3731
921
6261
8730
7450
6208
9473
156
4132
8216
5859
3152
7187
4581
4105
8228
7456
2943
4924
9922
6535
8693
6784
2499
6547
41
9070
4029
6972
1472
4228
5660
3936
7097
908
6242
1731
3103
1817
9475
6478
4696
6023
9990
4207
194
5596
9448
3930
8178
4214
5103
9131
164
6212
702
2517
782
1377
1307
1132
4604
9850
9494
9075
9943
1668
3555
3563
2192
178
8917
4759
6131
8749
135
6426
223
5576
4118
8915
5560
1161
9579
4031
6564
8071
1382
9564
2931
9646
8560
2082
4060
8935
727
1107
1590
5210
2388
8712
2412
9469
833
8883
3552
4324
8467
6493
2219
9712
3844
2993
4425
849
5491
2398
1447
3543
8928
3967
6074
8532
8014
6556
228
6957
8306
3590
485
2922
1204
1028
2822
9166
8480
2309
5019
8062
1574
5841
147
8785
9319
7051
2881
8597
2094
5756
7436
8959
5845
3518
3206
2882
8215
5280
1124
5977
982
3653
5603
8221
2215
6160
5057
2460
6920
4812
6177
9458
4549
2021
5770
2430
610
4779
3289
7122
4826
8422
7689
5680
3662
7908
3930
2433
7063
9549
1073
8555
8755
9728
8452
8332
820
9530
5968
3338
8910
9217
4600
9929
6028
2051
4238
4067
7179
8286
3806
3516
7004
9838
4141
2806
1235
335
8872
811
5686
9836
3371
6884
4002
3008
8702
7845
2744
7943
3685
4762
8934
2916
694
8325
2281
1404
3646
1794
2257
3284
1901
3792
1429
8345
6319
6683
5139
1008
9473
165
7277
3211
3850
1265
8684
9501
5680
9688
4305
696
7306
3300
8196
2499
63
812
1786
2558
2499
4460
913
6382
7824
1918
7163
8108
143
1842
5627
1114
8813
7176
2723
2544
2845
5532
9214
1047
7130
3523
2671
6470
6742
250
603
4655
2427
4932
6722
9074
2823
6798
9017
3133
5576
6047
8874
5139
796
2479
9977
6367
1390
6543
2875
2451
3426
6867
2434
9094
4294
7587
3797
8369
9244
5185
3745
5492
4593
8267
8189
2035
6025
6647
4680
5428
6613
5285
3265
8425
3801
1133
1975
8387
1132
5766
8372
2122
9626
4990
3854
1580
1405
3506
9383
3905
3037
1765
1698
1893
8766
3680
7818
7023
3052
7591
2900
2434
4932
5450
5635
2587
6861
1941
5114
3275
3802
4477
6827
856
5342
8866
4439
1655
1835
2322
31
2460
5765
6632
3148
9764
4553
4566
9414
5709
2587
955
9569
9329
2002
738
1000
2813
6764
2888
5189
9004
9577
7108
3109
8536
9240
8142
2213
4932
1530
8121
1817
1453
5402
9074
6359
4835
3366
9927
3272
3675
8216
6835
3467
2014
403
4000
6523
1555
433
1487
4557
3877
3338
7821
2299
6260
5090
5947
8220
9399
5257
2568
6350
7935
6466
145
4236
3277
9613
4728
8010
187
9520
7076
5975
6918
837
3036
84
4824
769
1269
5690
4090
3099
1357
1541
1032
5926
8032
3444
5178
3827
256
6353
1303
1797
3110
1202
1356
601
6704
8375
7421
9782
9358
5130
2655
3169
9251
5759
7196
6919
7127
531
4574
9083
3935
778
8776
6095
1101
7919
8726
9714
6937
3863
9793
4312
2661
8917
8025
2760
8292
5631
2134
1049
4106
4659
3270
7758
3840
8956
764
8928
3200
2596
8848
1272
7223
3502
9485
201
1862
4108
8334
983
4455
5075
1088
9217
6618
4122
6049
2209
5012
4841
6416
5015
5790
3386
6901
9543
3043
7301
609
8643
151
1189
3019
8289
2325
2907
6980
2355
2706
8924
2684
8113
1725
4224
2528
8354
8276
3771
4264
9693
8060
921
6556
7190
8551
1300
738
8660
1327
3092
763
2080
9349
8757
1074
5688
3562
702
1411
3434
6116
9901
1708
4261
3338
5545
784
2278
1889
7580
6200
1382
1108
4126
3465
4205
3403
4354
8554
8592
886
1280
1214
5668
4320
4586
5560
1385
1812
3065
1303
2449
6530
1362
6778
6721
2545
3522
3053
8675
503
1759
8449
1155
8735
3600
5177
2501
4474
6430
4440
9086
6031
5936
4062
6068
8812
1736
9141
5298
5316
2160
6700
4313
8336
7363
1147
3592
4547
6207
9128
5152
2994
7262
975
265
6987
9341
9601
4853
4215
1361
6943
9860
6316
5682
6460
9035
7981
4842
9576
5630
3566
9358
4925
511
8035
8393
313
3034
1535
295
3698
7562
3853
4364
9813
6840
4674
8145
7026
7134
597
4815
2666
5937
6282
4494
1920
7089
1392
4378
6342
6377
6555
727
81
7096
1912
4564
1225
7057
213
579
3620
9268
7809
3524
2294
8513
3501
8073
4091
6790
8009
8616
1239
2499
2207
5313
8561
8038
3038
3038
4873
9101
6115
1509
4536
4790
3069
163
6597
1884
8872
7133
6140
7870
3504
728
6633
3834
5886
4354
9963
3803
1893
3058
551
2770
7415
4995
118
7352
3640
3473
8655
6715
3365
5855
9728
2552
8544
3531
1640
2956
1061
857
8031
1346
1034
5088
6074
8703
9882
1909
2578
3874
6817
8130
1562
6342
1033
7401
3068
7328
2787
6683
2710
3535
2649
8164
7672
7319
2170
2084
6311
2577
2813
2065
273
3728
4175
3201
7080
5167
3186
8703
2485
5957
8540
5968
4149
729
4712
6006
3904
3948
8512
4101
5802
9616
5306
2277
9951
5838
7248
7809
5315
7759
1325
7226
5744
414
6033
7900
9605
6605
2376
200
6704
2171
8964
3327
7086
2146
4191
9703
4187
8643
5206
4597
149
3398
1097
8106
7429
2697
3305
203
9107
431
6444
5454
4539
2690
7836
128
1041
4960
4987
5145
1079
8918
676
3495
9099
7737
9517
9395
7138
5085
4560
6782
4438
9885
6300
1899
2286
6896
50
1668
3550
4554
9645
1030
9907
7594
2471
8019
8502
7790
8084
3698
3200
4505
4519
3459
6366
3933
6146
9784
2530
4561
9884
3944
3432
7569
1490
2662
4913
8967
1061
1508
8937
4304
3482
6552
1376
5795
6640
2987
3719
2425
9697
5046
4046
6228
1302
5109
9697
9632
5604
3769
6120
1511
5306
5090
7184
7287
1693
4033
9670
5083
5599
9168
4206
5313
6164
5042
2865
8617
247
1053
7108
328
782
4972
3654
7818
2206
2375
982
9838
2455
3143
1652
7556
3942
6175
9908
804
8915
705
1588
7273
1399
7353
3832
8873
9748
4051
9277
2246
7242
5987
7619
6619
4121
6003
8637
3602
7336
7028
5367
4375
2984
7497
6327
1003
4863
9890
6006
7952
6175
4259
4984
8253
3549
7184
3899
4882
3350
2745
1792
5378
6900
4028
7125
3813
5487
2810
711
4030
1861
4354
6133
6133
5670
6053
483
5788
4264
3394
3035
6437
3864
3032
4464
7237
2951
3174
9250
2057
6928
6543
6771
2696
763
8431
3191
9722
6442
3066
8906
132
4787
6457
7312
9702
6355
8507
5864
5287
2426
7029
2186
7915
7941
8808
6850
6451
3214
3861
2287
994
8848
9455
2979
4979
396
6793
1020
8279
3570
7641
4919
8494
5262
1651
1782
3403
6044
1676
1285
1962
2668
1790
9403
393
3732
5952
2312
1925
2939
5969
9277
7592
722
3172
7969
582
3057
2912
4005
8842
8185
3341
207
5983
9301
9062
3370
5704
6628
8893
3538
5902
3854
9333
6699
3106
266
9578
5990
9734
8301
8534
9425
1700
4414
1143
4051
4996
1422
4464
8793
8200
8945
7030
9067
346
5543
8735
4458
9896
8361
2913
7549
5861
8155
2225
1262
2025
1598
8437
8301
355
580
8576
9517
5804
1337
5970
2736
3046
1575
6874
2756
2846
8546
4653
6431
2781
271
8778
6080
7723
5539
6030
2861
4590
8885
6579
7754
7154
6025
4878
8609
2524
9222
6110
9363
3310
1453
9567
1611
6922
9367
7691
1582
5651
8492
2280
4130
724
3234
535
4990
2821
9752
7947
8514
4139
1835
2972
4113
4679
3407
5825
2615
6878
5927
5118
638
220
2584
3388
7139
9395
9989
9152
6158
3944
3353
2301
1593
9008
7664
1382
1220
3904
5210
8081
4407
2170
6994
4833
4348
5578
352
3822
6427
6645
3729
9957
4700
4284
5694
2782
4851
8251
7237
4789
1714
8241
6559
6410
2645
9526
8287
3357
1678
5835
6946
8481
7610
5263
591
594
4967
6087
204
7921
2016
6930
3367
4357
5782
4281
3387
7954
9259
3463
9304
1713
9719
225
9287
3311
3281
9989
1598
7787
3866
7117
998
9689
6077
4021
8571
9387
4386
7855
5626
6374
2914
7986
1609
1277
4785
9780
2172
7702
2454
7325
9979
9193
9576
4837
3076
6416
398
5391
6874
9480
2461
5324
9725
5778
4932
6902
2283
5650
2801
9947
4171
3773
4096
6471
3913
6086
6463
7828
2090
5158
4988
338
2223
1661
2415
9245
6187
8839
6370
8375
5776
4648
2738
7334
8104
1542
4866
9819
9901
3245
4562
6555
9738
4006
5917
4462
8881
1949
5269
1456
7402
8751
8411
5064
8201
4989
6299
548
3088
4014
3269
9360
216
6349
8933
287
2369
7094
9978
6435
2976
7960
9670
4788
2477
1164
5534
8391
8893
2150
9920
9792
9862
9410
3991
6949
1165
7084
2890
6793
5089
1617
4334
6214
7540
9890
8067
7359
5274
8963
4071
5923
701
4835
9798
6848
6114
7804
4790
5077
4540
3937
6277
782
3510
1170
8388
2451
3783
8047
2118
4586
8446
8455
8967
7138
4297
7761
8543
8635
7770
9146
2842
6570
1970
6091
6503
3170
5949
7686
7318
1852
3357
4976
8937
3164
7828
2244
6631
5979
5179
4420
9390
2044
4574
4145
387
9733
5847
6288
1871
6212
8966
3380
7835
2709
8746
6362
1055
7214
9043
232
5551
6311
8851
2191
5887
2027
8149
4764
2182
9325
6557
2
3043
8970
9426
563
2150
3679
4790
7176
9472
4923
3296
6623
1362
6261
8197
2413
222
3461
6177
3965
5242
4639
5123
6702
7596
3595
187
5703
9108
7292
4719
6413
9831
6867
4003
8688
613
2051
5459
2651
5598
7410
4320
8745
933
5739
3991
2310
4767
940
1061
3773
4187
8157
4181
8334
7605
3093
5203
3923
6062
3452
2958
9893
7999
7786
9291
3859
5290
7774
5658
7521
2580
3972
3994
7163
3046
2777
7265
1639
1122
8463
7289
8721
6351
9471
3543
3195
1932
2906
2274
6819
8577
2070
7921
6635
2826
5144
5175
5935
5360
7886
7321
6990
7078
367
6975
2220
3830
6194
2145
5783
5885
3445
8930
7487
7675
9663
9499
9346
4423
6807
1429
9324
8912
5138
545
3389
866
9903
8427
2723
1838
5636
5857
8383
3350
3722
3259
7086
2746
1326
6315
5432
4320
6628
2755
701
9620
4822
7601
9583
7400
269
7050
5609
1958
8337
4330
4781
4439
9176
4750
8900
9272
4446
1671
7620
6751
3481
9575
5119
5803
6262
3635
3248
2682
7546
6236
9358
6604
1044
1592
6057
897
3605
7541
864
6078
8682
8352
4662
646
2903
5271
2666
7120
7992
5193
2144
9499
2346
2646
6879
5312
3629
7098
5094
9127
666
442
9841
5624
6219
8093
7293
4902
2084
4476
9303
3916
839
4575
9748
1034
4506
4394
9659
2947
1263
5877
7239
9847
8723
6669
5030
4718
9620
4029
4581
1076
9452
2398
5579
8313
6534
7079
8807
8416
551
7004
9429
8316
7986
2842
6474
1571
3581
4297
6809
8817
625
3396
9686
3033
5519
1500
4921
7278
2860
3002
4920
4574
9217
3641
6504
6665
2789
5304
9847
1433
6566
7573
7440
4123
9627
1743
6766
6584
2946
2258
5780
7820
5382
961
8340
5610
1791
1161
9525
2945
5783
4943
2576
2665
8266
6672
3003
9099
1369
8468
795
2040
818
7041
4205
8152
3876
7893
3346
1306
824
2303
652
8391
4264
9615
9253
8908
4540
2745
4300
5739
2037
1283
612
9104
5372
2137
6871
6000
1667
8960
819
9140
3847
4178
1070
2419
997
9669
3605
6144
8090
1443
2098
6728
1298
9284
2891
5655
9379
9738
2365
7456
8171
3343
3688
1074
1976
3840
3593
2591
9988
3563
5717
2048
2871
7766
3189
407
9880
8764
2272
2866
1628
4877
7821
1855
8019
2963
7707
7616
5738
8935
6607
223
5304
8371
3988
450
8975
9278
1151
933
258
8917
3610
6812
7195
3176
5122
1705
9771
7443
3904
15
1547
8450
6568
3175
7266
6012
6139
9200
8715
8727
9839
3346
670
8636
539
2082
770
5916
5461
2796
2530
6176
5292
5045
5200
4209
9358
6820
3218
4365
8552
6997
7420
7451
9299
6958
990
8715
282
4564
5006
6047
2703
5291
4969
1745
5517
5822
2706
7359
3361
5055
4451
7614
2095
1583
5844
5446
1953
7091
6803
6353
6363
1396
7879
3377
1288
1167
4019
5922
8257
1995
7250
9643
4398
287
4506
6279
4151
1516
1678
9123
3449
6855
1326
8757
6545
5679
1133
7458
5464
6154
218
6801
543
5037
639
6462
3313
618
3746
910
7437
4983
6959
1138
6313
7269
5420
2467
9293
5409
1881
2107
7652
9376
8548
224
735
3604
9528
6568
1251
4830
9206
3571
3857
8405
5396
5541
373
716
7855
2887
8011
7031
687
2706
8128
8940
8037
9922
5578
6688
9256
8829
1650
1045
3675
3341
67
3246
519
9419
7234
94
7633
977
6897
9307
5771
4815
8671
1307
8635
4712
2394
1410
1667
5277
4171
4596
1198
125
3415
448
2129
8867
5780
2459
7544
7823
9608
2456
4075
691
1583
3505
1854
8092
878
8715
5191
6620
6668
7053
1989
8291
2940
9965
3509
1937
7039
8333
9809
678
8849
3921
8429
754
6231
1668
3240
8209
668
2214
352
119
3128
1466
6012
2624
1660
1613
2494
1161
2842
9004
7185
2946
2757
5514
821
6517
8262
1139
8884
5269
2250
243
606
7751
939
6507
9153
3144
2309
102
4411
2846
3806
6036
915
9854
8662
7567
2580
798
1321
232
9681
6545
7758
1929
7252
3790
9026
7428
4439
9265
4767
3962
538
169
7997
7289
8823
8361
8115
4846
3482
3129
2973
3410
8488
4686
7600
8603
9429
1970
2543
3722
4383
1861
7385
7059
5654
669
417
6191
144
1361
2708
2076
9734
5006
36
9820
1977
4663
1441
6862
2997
1524
7035
5557
621
6285
7342
4831
5798
9003
4840
6370
2869
4073
9317
2858
9081
1222
8522
7617
8667
1794
3942
652
9819
96
7235
7551
6336
7627
2235
5356
8922
7742
4614
1715
5198
4044
3077
1256
3902
9317
4591
9093
8048
9774
2466
5798
1017
4456
4289
7200
5531
9968
4499
5132
4807
835
8752
8222
5766
3360
8269
9644
486
8297
7377
9585
6357
9078
309
7839
4676
2211
2927
2305
4897
6138
4401
5540
2211
1432
9554
5359
7302
5232
1710
4989
8059
4243
7530
5431
5977
6817
4880
6224
3595
235
4962
2795
7157
5572
5230
8664
9815
439
8247
7794
5067
8996
7487
2087
5646
210
6963
9423
7051
1225
4505
8386
6011
7906
8787
7813
7916
4596
1260
8213
5265
6788
6196
8546
5337
867
3427
8388
3246
8639
9449
3420
1798
446
4838
1274
4189
397
1127
7913
9363
2898
9152
9595
552
1101
7450
6847
6151
6708
1864
5313
9094
8077
4606
1163
6928
3363
1731
360
1157
7466
5211
7055
8885
227
6957
5107
195
4891
5077
7271
5546
81
2937
828
6444
1036
4926
9618
6027
7516
5466
5406
4610
9741
6981
8733
9777
9135
2809
3007
2701
5740
4670
9240
2320
9394
4961
836
659
9027
4132
7313
6647
8773
7852
9663
6040
7688
6648
1817
6058
6643
9346
4829
9424
1486
268
5668
8806
6150
2644
8487
8846
591
6679
7180
1053
8296
1810
4996
7342
6321
4270
9842
503
5005
256
9991
6447
7560
5789
5038
4461
9064
1969
831
3581
6169
9134
6031
2060
5044
4809
2110
5374
2564
435
5730
1182
8681
4341
9019
319
7954
4563
7039
4734
6687
1938
4199
3730
654
5629
5136
2735
8553
8399
5601
6237
2460
5909
3532
6259
8683
5779
557
7038
3311
7232
4782
7091
1562
3068
2015
8228
3785
7088
6105
5979
2204
2227
4316
1861
424
4790
4917
8761
2519
1021
4375
2688
25
9667
9603
7149
9418
4358
5755
5155
1152
9213
5691
3134
3856
9779
771
6864
2210
1030
628
2247
4309
9569
7252
5091
8884
91
5498
3529
4896
8759
789
7991
1469
8942
9877
3992
3673
7222
572
5183
9947
8039
3487
5568
6111
3615
8083
2591
8616
6380
6662
3381
4890
8419
1908
6037
5970
1679
2790
6771
7680
43
803
8484
5950
6702
9846
2067
2377
5843
7746
7768
2876
1840
899
7021
8922
1081
5700
6196
7060
6346
308
3793
1022
9198
5614
9159
3124
1046
6092
6574
5317
1414
5327
9729
1671
7224
278
7859
7777
2190
7944
6879
5329
177
4437
1054
1705
6792
7615
3973
2652
5141
5251
9775
928
6782
6140
6045
3506
5814
9811
2281
2994
6408
2784
2006
8335
4001
7237
5386
4875
9898
2957
5173
7450
9400
5122
4002
544
5084
832
8593
4851
2882
579
5457
768
9183
879
3025
8220
2493
8195
9448
9220
2645
5003
9592
8443
8719
5207
6868
4157
678
9215
781
2265
9040
296
4901
9719
552
9479
9296
5658
9760
8339
7907
7220
466
1337
3678
929
5972
1341
9560
38
7857
3171
332
6684
5516
201
5653
8594
7941
5580
594
3808
1835
7801
597
8067
113
8888
9197
3394
8283
9420
4438
532
4682
2825
3637
9836
3903
8051
4714
4956
8485
7244
5380
8067
1011
261
4094
8886
7784
4179
7057
1681
9635
3092
4718
574
1550
5471
5662
4894
7324
9200
8246
8510
8118
538
3435
9098
5640
3098
1995
8430
791
9240
2180
641
4782
3605
8959
8632
8198
6663
9858
3346
5503
9972
819
2199
1529
5535
5895
7981
48
1219
5210
749
9416
7513
9702
5939
6240
5447
6264
6643
8496
2928
6290
5576
2065
9088
6754
5014
855
4611
6439
4215
4426
2511
6339
2556
1488
5237
6824
4963
7397
4078
2152
8049
6348
7748
3259
7260
5495
63
4883
5742
6757
2853
4817
3856
4118
8217
4254
2283
5848
2627
6190
8775
8112
6633
6307
6119
2875
7852
368
1062
6040
825
7328
6225
4843
3665
2829
6817
1028
7995
8713
5327
8853
6855
1156
1020
2675
8
5300
3395
9222
9135
4480
2221
451
6369
1897
5010
2080
696
713
5317
9328
3914
2025
9457
8724
4409
3954
4671
5275
9541
8192
443
2847
8590
2617
5238
8421
6760
1827
1821
1651
7207
2974
7381
6824
5745
2330
4489
3370
6009
5512
2439
4251
2100
7741
9688
7149
6487
1923
397
6692
1846
7282
6314
611
6044
3356
3212
7687
9272
9850
910
112
9453
9237
2285
8002
8592
205
5948
2012
2649
1088
6860
1568
6986
2919
3558
9493
3270
4849
4650
1120
8549
7882
6499
342
4211
5885
7844
5940
648
5539
4354
1592
5314
105
5868
4523
5027
8347
7407
18
3418
9440
8219
4986
4659
191
8225
8279
1895
6390
7639
210
7678
9313
6765
5548
1252
352
7613
620
7243
6201
3267
731
7573
1298
7237
8322
7929
9760
7652
6302
3182
1705
4023
4517
6084
8749
2581
2818
541
7576
6239
5792
2373
4478
6440
8189
9808
7263
474
4586
2361
3210
4504
2990
8819
5233
9662
3095
2682
9678
8567
205
6580
5695
3118
5706
9940
3583
8307
5586
3698
2546
7819
3860
1861
9009
6401
3586
7967
1188
4964
1355
26
6195
9750
6352
8916
1084
4694
1039
4353
9889
1476
7247
8710
9325
5424
6060
3900
1271
4737
2447
3011
7747
7037
2937
3003
5877
4768
697
1637
9069
2716
7206
116
2260
7438
4320
9998
1887
1889
2416
8232
8366
1367
4756
1479
2937
2015
5743
641
2237
8922
1050
7031
8039
8801
5214
4229
6199
5314
1563
7701
5391
6576
7527
9882
1162
8439
5574
4406
3590
8401
7195
3348
864
3206
2016
7440
5540
6677
6315
4533
1807
4141
2904
6521
8459
3026
6388
3642
5217
8487
3979
1622
352
5758
4372
6365
3072
193
5156
1171
1201
8200
4761
1590
1077
434
4669
1124
6786
5925
9190
8297
2670
1429
2201
2107
7455
6332
9770
612
3519
9183
4150
2791
4203
9760
2558
5449
5516
6341
9571
7346
4984
4660
4823
2813
2635
4262
8563
5035
4288
4751
4646
552
8588
4320
3577
3146
7249
1799
494
3648
9900
2982
213
7261
6759
6257
7503
8957
2907
5452
1877
2158
2116
8974
4407
804
8122
1059
1187
6469
3100
2686
5519
3278
286
4240
7732
2020
6090
2278
3569
4517
8512
5485
9792
6976
9146
5780
1537
4549
2720
7772
4411
5285
2230
1484
3171
4548
8232
2004
5707
3725
4812
1101
8540
3329
6343
7233
1170
3580
7399
9091
7403
6501
3010
9985
5519
9224
6755
9612
9512
6498
5262
5000
4530
8694
4605
5770
5579
5934
8229
675
6854
856
9911
1378
2408
8275
9760
5494
2984
4381
9387
4185
711
5824
1594
145
8950
4025
4314
8170
3273
7459
9947
4677
8289
8408
6603
9097
4536
6324
3273
8569
7389
4779
8223
2837
6623
8296
9241
7139
1907
3501
8893
2914
4734
9199
3248
2302
7416
9453
6712
3950
8547
848
9065
1025
357
1494
1059
6116
4110
4144
7876
2417
6644
8202
6304
5387
3761
7159
9809
3180
1844
6482
6550
8586
2428
1871
6249
7709
6847
4449
6416
5794
9377
481
7277
5571
7345
8150
8379
2604
1934
4502
4017
9833
4251
9634
4503
2640
7944
3707
4936
2853
3266
1155
8689
9842
3150
4629
3426
3544
6507
2482
2512
5684
6589
5637
9389
8207
4715
1546
384
5025
6381
1842
8516
6696
2223
4231
8292
6571
8800
8973
8471
6553
5722
4343
8906
4950
945
4857
3575
1023
9677
1806
9296
3359
2800
4741
9572
2769
461
2944
5206
2047
8624
7755
4360
1590
2524
8032
9737
5546
2943
4630
6427
5507
4448
742
7708
8403
6313
946
2532
1697
6619
4440
2986
3551
2417
8877
8958
7873
8108
5836
9370
7023
9549
2281
3367
4501
196
4810
3683
6264
3138
6798
6343
6021
505
460
4917
1373
9567
6812
3196
4918
6726
7015
9417
4814
514
5850
8765
5753
7810
1901
6730
7328
6078
9366
5595
9954
4681
6663
491
1954
359
9449
9068
6427
9303
6397
4396
4656
1499
2060
6424
5874
3255
571
5946
3032
1521
6357
1456
9656
3079
2677
2174
2898
8875
6202
6993
8340
852
804
2887
546
2177
2281
1575
7513
7001
3717
1144
1657
7082
7691
4586
9937
1107
597
5795
5406
3293
5864
6151
4096
1394
1138
1951
9673
2185
8350
5743
8469
818
382
8478
6432
2591
3247
6883
2382
9506
5124
7727
9009
6466
2922
6277
9868
8211
8482
669
6911
2179
3342
6895
7187
1873
7881
2216
8768
291
4552
2403
2128
4931
5832
2860
7722
4626
1083
1337
1388
152
5659
8078
7053
6490
422
633
9046
7769
5164
4191
9280
8468
3888
3212
5924
8759
9349
2147
4421
2578
2486
4473
9782
5563
5005
2522
6304
322
8632
6009
9467
6383
3234
7924
749
2258
4360
936
5672
8458
1286
449
5331
6819
9605
2104
2409
1814
8595
3674
2292
7714
3727
3652
5706
9596
402
2473
8340
1563
9057
3601
944
8953
6910
7169
9041
5514
2956
2935
6373
6787
4997
5715
5444
2426
916
9441
2990
9643
7605
5350
9689
8920
9191
2088
8334
8686
6823
8216
1734
1486
1260
8107
9609
3443
1004
3344
8389
9600
8498
5191
9035
9142
4060
5789
8578
2386
9333
1648
5778
5183
1991
2277
2211
6672
6319
8467
3111
9750
140
2570
9536
974
9401
9337
8146
8333
6687
3049
7855
4908
2854
6054
5535
5905
3063
6809
9632
3005
7206
2116
3275
5229
6570
4464
221
8978
598
7400
976
8823
2450
9832
7496
51
49
1912
7159
5532
8409
4089
3127
863
9845
5395
2273
1882
1417
9466
3967
4485
8418
2944
9928
570
8330
8541
5530
9177
7653
1999
4091
5395
2169
8835
6789
2950
5906
3921
6847
4640
9353
9577
7014
6980
7536
6206
9014
2117
9920
12
245
634
1111
7854
2316
593
7079
1402
821
5875
1098
3998
5724
3224
1772
5243
4023
3744
6317
3588
1654
110
6001
9889
3811
3724
317
1154
9325
7217
4639
5674
6284
6601
7133
7328
311
9542
1060
7908
4916
1573
9825
8317
5635
779
300
6934
4465
7494
2195
3460
591
3686
3446
3218
2944
2445
3438
98
3251
1213
2442
8708
4859
3662
7676
5291
2703
7000
4294
9125
8223
3136
5731
4224
423
4058
5990
2117
102
7200
3572
9837
6330
7105
2074
1177
788
4297
7954
5763
1555
1278
8203
5639
5309
2347
843
5124
6270
8105
6312
312
4191
5420
534
2807
8719
2745
3269
8857
3965
192
919
4991
5813
1730
6410
9288
9371
4848
7041
2656
3611
468
7291
9567
267
3652
2095
6273
3745
7870
2748
5360
6685
3578
2585
9673
157
1344
727
2686
835
4326
6510
7853
5676
8781
6985
685
3919
835
3758
555
2857
1014
9190
1537
2189
3747
1320
5884
205
3942
4238
5754
6086
9328
9029
6609
8001
9040
7028
1543
9662
6318
2059
719
7276
6449
712
9255
8806
6963
2028
2502
8806
4726
7845
39
1125
4631
8191
6707
1188
1664
9269
6089
2470
2038
5148
3893
2280
6926
9279
3733
5991
8239
4810
986
1936
5556
4995
8150
8319
7386
5508
1918
8021
9733
9496
4190
3492
1217
5070
9333
4517
6766
733
393
805
1944
7559
4540
9464
175
2299
1833
2529
2575
9286
273
528
3866
1827
7150
6699
6152
9288
1313
6237
9425
2535
9019
8479
1127
6213
1580
5794
8341
42
9179
2321
9893
9384
3897
524
8906
1449
2051
6458
3190
440
1637
7974
6882
161
8648
9319
6617
1253
846
7548
6059
1807
1718
8872
3937
5433
6264
7361
1066
8029
937
8589
2590
5880
2238
5135
2675
6116
1223
5827
1675
9981
5558
6165
2612
4791
8558
59
6629
2485
4415
2314
4443
8168
6499
8965
2313
5064
4045
6352
6892
5227
3909
9608
3462
1996
2133
6991
2666
6764
169
7437
8887
1482
9925
5667
8890
4249
6290
5813
4294
3907
1047
6525
9250
608
3270
8364
79
2116
5941
5411
8993
8550
6844
2139
7943
4165
4406
5038
4532
5163
3764
5655
876
4938
3186
4927
6584
6038
3746
7610
4256
9849
7918
9998
3109
7458
8518
6089
6082
7894
2339
2581
1918
7425
4810
4495
3644
3895
6766
2861
1084
7340
568
2716
1227
1868
1360
4888
3191
9462
4972
3001
7503
8084
8517
4199
6511
9660
8836
3040
1825
2188
7003
2690
9110
288
8443
6851
7462
7046
4012
6083
469
3237
1439
9710
7300
7675
9115
9636
8739
1862
1729
7877
3510
1065
2186
1595
6611
9427
5737
4523
7780
6968
8392
4394
1549
2952
8463
1945
9172
9829
1192
3822
304
1916
1296
2065
9594
7452
5664
7348
4844
3466
114
8826
7483
9415
3637
8752
3027
421
9566
7059
3957
9395
2161
5161
7206
7344
5713
45
9548
7244
1103
1830
1007
5212
3176
6517
6211
3100
2726
509
8992
1930
8725
5230
3175
4616
6815
9438
5631
1691
9742
3305
367
9304
920
9692
9631
8532
6260
2956
5995
2994
5935
6459
2441
2912
409
9425
5188
87
8682
6031
4650
1169
3914
3984
4270
9750
3931
2732
8097
8366
8670
7145
4995
3409
4020
3089
6135
7670
4862
1033
9189
509
2935
8864
946
4620
8779
7539
9057
8806
650
2108
5869
9216
6914
5953
1196
734
4101
9102
1293
324
1836
1712
3803
7018
5665
2535
9037
250
8954
5896
3208
2717
9305
6406
562
3638
4454
2526
6414
4751
8633
9158
7175
2181
9793
4850
9251
4844
5297
7615
3820
9579
6640
8839
3066
4549
6162
9410
9
3909
8930
5969
3755
8349
4661
8593
6392
6519
4486
7139
5166
5588
5530
9074
1598
748
6441
7091
2093
2975
2736
606
6383
3209
426
9139
5015
171
1156
6473
4748
5427
6000
3996
7471
7942
5839
3021
4125
6510
3047
9962
144
1247
3361
6954
4199
6820
1930
8815
8896
5617
5840
9661
1384
5146
2688
5690
2477
4257
7839
5091
1376
4661
7887
5604
6621
596
3798
8205
2911
3845
9713
9920
1797
5767
4908
2112
7565
365
5165
2908
8049
8636
9046
2971
1095
5722
2257
9593
3289
4577
9687
6129
5129
1932
6840
8389
8023
6185
4500
5851
1200
1936
5334
4233
4029
8529
2416
97
564
7069
6713
6154
8821
4784
9957
3328
6543
3759
7563
904
1067
7802
86
6565
2888
3907
7908
9809
55
6109
3717
9490
6820
2115
4764
4289
4772
5729
5425
4932
4689
6612
3708
7203
1605
9997
1659
3453
9714
538
5232
9806
2413
9376
6075
4443
1654
7117
3877
3324
7147
7911
8357
383
2411
1130
8437
7142
1788
1563
8931
8689
9627
7365
5748
6319
2107
3670
6718
598
1238
3942
3682
755
6574
3423
3226
9714
278
3912
126
6818
5367
4155
8269
4238
8557
9031
4959
7947
1430
9713
7143
1518
1681
8792
8034
6441
6546
5659
4813
4056
5723
8735
955
5272
8342
7398
7354
5234
4961
5255
8214
4085
4816
8679
9944
8052
4646
8382
8337
6802
2652
1395
7880
6878
3416
3741
525
5440
9726
3416
6703
3982
8074
1542
9072
682
7163
7056
8728
2820
6167
5002
4373
2690
4021
9249
5089
1251
8511
41
7289
3189
2473
2955
5571
2975
7609
3496
8725
2522
881
6553
8570
2262
330
7007
8540
9494
4830
971
7555
686
404
1370
3401
7738
5288
609
6990
8731
4321
2367
1968
6468
8023
2683
1295
4463
5474
6157
347
2776
2826
1661
543
8305
3416
8002
8579
1937
7734
9535
1698
5954
3853
6028
8491
9700
2743
2515
972
1198
9689
6335
4120
5294
6621
9087
5403
9694
2044
7325
7311
20
6997
1837
2094
5108
8505
4295
3091
8184
1688
1293
1734
9919
9852
1417
8997
5636
4622
1349
6642
4744
6636
7724
3702
8188
5465
4290
2173
2126
4070
7540
3515
3576
2638
7055
65
9134
1782
4367
3367
4667
4428
228
9698
4081
878
7465
1187
5611
3252
3179
306
9003
2112
195
6292
2601
7357
7665
7384
4404
6239
6734
6751
6247
9424
5070
6160
2357
100
1817
7144
4107
7065
9435
5766
8094
1564
6388
7431
6898
9556
7853
5220
9290
7034
360
8569
6763
5938
2625
1325
1205
6517
7460
6115
51
588
7099
9942
6704
9660
395
849
113
4358
9586
6181
205
6219
8370
7564
4219
7744
9138
2133
2590
6324
5652
8309
7831
5081
2086
4834
5396
452
8324
9819
52
4826
7384
2226
1554
3673
5415
921
6340
7870
6023
1758
6391
519
1463
8856
6901
7029
7921
8434
1903
7213
1964
4598
600
6108
8124
9229
3169
4897
7890
5634
7948
3157
1405
8100
9284
8194
4794
7076
3079
1966
6713
3056
5370
5294
6573
9847
5969
9461
2757
5718
4160
6989
3899
1107
3440
3979
9853
9059
3570
2620
8471
9563
821
2870
9304
1342
3241
4908
7720
9588
5293
273
902
188
7378
3554
9807
2169
9004
4583
9624
4459
8479
8580
4652
9454
9798
931
7711
7864
8697
1631
7556
9795
132
3484
4656
5586
6697
501
7796
1490
922
5877
6154
27
424
5124
1876
8739
6606
4437
2949
3171
5281
9872
831
2259
6782
1969
5180
6744
1697
2714
8205
6251
9642
2504
6512
4323
1949
8037
6433
8421
2296
7423
9715
5013
9765
3368
5232
3840
6098
7633
236
7653
6402
2458
2566
6379
5912
3959
2395
8967
9910
2256
9972
9287
8557
7519
666
7529
9417
7725
9672
8970
8666
8939
8562
755
8942
7443
5760
6358
3674
9793
7021
2572
7978
3122
5751
7689
6211
2767
3252
2554
4403
5983
7718
9388
1588
5611
6702
2896
6146
1534
1466
8956
6287
3380
6098
171
3397
9465
5360
3954
3255
1447
6764
1272
9802
7792
3410
4885
2341
3427
8711
7877
371
3284
5331
737
9813
4781
5322
9549
3707
4246
5714
9150
5451
9637
216
9367
9690
3454
3543
731
9858
5323
167
295
3261
3166
6248
2668
3180
5674
7131
4474
3732
7130
7245
8606
3118
8087
2370
6280
1762
6973
3055
2882
4602
2611
7961
5879
4007
9611
9018
5187
95
895
3123
335
262
9075
4905
8712
7326
9993
5841
990
2783
7433
5624
8749
7101
8199
8878
2582
503
2977
8611
2199
4572
4999
9269
4010
3081
1115
3394
9360
341
1080
5395
8606
9916
4576
3853
836
850
3427
6496
8865
9362
3907
9049
3936
9604
7463
6700
8205
6494
5667
6997
7792
8911
503
9732
6052
9659
4240
2301
9661
6224
1926
7677
8342
4058
9119
8128
443
9202
7939
1012
1045
8721
3739
3011
7523
3551
4653
7806
9542
1547
750
4117
7945
3688
9613
376
5609
7143
3728
533
2044
2349
8884
7948
3427
8445
2749
7333
8405
2145
844
2019
5826
534
7258
1557
9146
7736
5899
8533
5815
4869
7555
5285
8617
8181
3943
845
1831
7754
404
7041
7911
2839
4288
7594
310
215
5334
4963
6484
3274
2212
6095
2480
2273
3835
6518
9781
4457
9612
3828
4262
817
4242
571
4982
7739
7478
1692
8169
2196
4906
4053
8802
27
4702
4246
1102
6530
515
1344
1809
5079
8614
8058
5580
8458
3391
6533
3251
9816
8752
281
5263
4824
2103
1623
3633
4947
603
4810
9781
874
1878
2258
6323
5057
3903
4523
8625
1667
5297
3873
6617
6454
945
8241
2024
8098
5940
8499
7002
1052
2099
117
8795
5421
6578
9929
1953
7464
108
6476
2206
4271
9361
7659
5986
9025
9972
2630
4298
535
5157
8784
2252
1015
7508
8670
555
9493
8130
357
4436
7606
8991
1025
5817
7027
3250
7700
4553
4835
982
4900
7750
2906
3753
697
820
5737
551
8445
4566
6135
9487
2143
8846
841
5335
4448
7405
2812
7264
