6399
1953
9535
4123
6259
5181
2426
1829
3660
5914
1543
5145
4159
637
9424
1317
6202
4136
4787
8453
1636
703
360
9468
1649
7133
921
5291
6081
6907
5584
9677
6975
3720
3834
2885
512
9121
3422
2450
2294
5767
8787
2045
850
5857
8528
9700
9507
1234
8694
9419
1941
8218
4052
5606
4911
3099
2385
1320
9691
1990
8384
3097
2016
3134
4530
7128
985
3787
5029
3266
3754
5006
1971
1431
7599
7880
6460
5445
397
5979
2271
8698
5132
5672
6596
7194
6841
530
4044
3488
8802
5599
3680
5765
4673
3052
1786
9726
9399
8355
835
6076
9193
5841
6139
9871
1168
5644
9
2559
1545
3093
3131
8555
2631
2335
3504
2303
164
6851
9779
3485
180
4293
1465
4003
758
4973
4180
2200
2483
106
7995
8799
9084
703
1664
840
4494
2103
9812
235
7832
3810
5017
8745
5559
8247
2987
4917
7283
458
8225
385
3092
7375
5821
1397
8096
3501
2296
2475
3936
5687
7157
451
2914
5709
573
2654
6851
3131
1903
8842
1941
3665
8786
8175
9816
6403
2328
5901
4662
820
8943
5562
2297
2869
6956
3692
3967
8790
3186
9919
3003
777
4512
2700
6176
6067
6812
1639
6920
7738
9763
4400
1905
8480
1523
924
9955
8558
9951
1807
5542
3639
489
8200
9039
5759
4727
2977
3496
3558
1607
9858
1949
5919
6995
287
445
3606
4021
1781
7026
8748
8088
9857
7827
8255
9406
4423
4309
2166
4811
715
1718
1691
524
4282
1518
5673
2200
8870
8515
7432
7481
8021
1584
3916
5920
7135
5273
1565
4537
5712
1926
5976
612
6241
7912
2330
8119
1811
7593
2123
6054
6935
3035
6130
9093
1659
7168
306
5013
4884
8951
1554
5725
7209
9676
1550
9682
3135
74
490
5860
9408
5633
1237
1227
8930
4971
8492
2776
5080
959
1179
9662
2449
8693
767
4811
5426
8619
8621
2910
4091
8245
3338
418
7069
5980
9013
8192
3146
5933
2494
6960
8112
6011
6998
9344
2666
6074
5703
9835
9838
6616
9710
3867
5287
1528
5440
4217
9505
8119
4967
8997
6497
3277
1746
1515
8785
466
167
3177
1251
5804
8584
3585
9232
6231
8166
285
1652
2313
3190
9385
3845
7428
3178
1663
8708
547
1718
3985
9282
5873
2909
4069
1574
9724
8184
4119
3577
5381
6470
1501
3288
7993
3939
2500
9160
6582
5357
6062
4780
1868
1109
6870
7809
3705
1856
5153
2064
2576
2915
8939
4890
5270
8915
8666
3193
2257
1227
5836
9596
4846
5885
7083
6857
4904
4229
4137
4773
8532
2569
8926
8851
485
7820
3061
801
4163
7693
350
9105
8543
9786
4655
6873
8032
6737
2134
3786
1019
6910
9268
834
1754
8329
8694
6108
7075
8432
6190
7990
8486
6900
5017
6637
8052
2887
2311
4846
7052
1973
1262
1720
5862
4115
4358
9084
1744
5541
1017
6666
5023
6349
1475
7812
9862
9778
477
7161
4858
8161
6020
9752
3186
6026
6017
3777
7602
6587
9492
769
4421
708
16
8645
6931
5471
9493
1632
3179
7630
9948
1580
534
9552
8652
1365
5198
1560
5195
2686
1525
6178
4288
1112
9332
7415
546
9169
3660
2193
1386
9400
447
8357
6897
1588
5854
7386
5445
6900
802
8341
7253
8582
3866
9976
5907
6872
4378
7592
7233
2988
1957
4316
1113
9484
3948
9476
1222
5076
7185
5163
5014
330
7452
196
9346
8842
9056
4357
9530
5356
5720
6620
7902
608
4507
9988
5181
6438
123
7126
691
2690
2022
6267
6901
2069
1027
3277
38
8537
6574
9382
3127
9781
3958
4157
8625
4354
9756
7566
8332
702
5712
6631
4674
2328
8861
1774
2469
1084
721
4064
9981
5520
9336
3506
9242
6570
2141
9914
1447
4298
1029
2140
2666
9373
9215
4903
8721
6914
1523
1848
5496
8124
84
7693
7453
6493
9902
275
7602
2899
4125
8888
1873
3669
3422
6637
6040
5074
2801
6345
1887
5974
7867
9304
1880
8798
4236
3742
7629
8771
6741
822
7825
8578
1753
3225
8690
69
6317
4480
2395
8320
7223
5809
9917
5195
4751
5966
5514
7080
6484
2143
9346
4266
4285
633
1558
7941
5980
9853
8753
6654
5083
7669
5393
3638
6888
1043
9412
9679
7270
9471
4994
4531
2350
2314
8992
9425
3194
4259
5036
7321
5976
8712
2693
766
2429
1344
6445
9498
103
5626
9858
1746
8031
6343
9127
605
5526
3477
502
8941
5221
3671
2097
8333
5090
4801
1511
1476
1533
1827
2916
4827
8529
871
4260
2174
9212
3193
9584
5533
626
8673
7004
1342
2979
2160
8434
165
2343
5716
2598
3652
7813
717
9780
2809
2214
9610
2602
4222
5234
8410
5491
5074
170
2473
8105
5169
444
776
8148
3868
5523
468
9377
1245
6041
4765
5230
2013
5776
754
232
6962
2187
7486
5106
8156
9338
4517
7600
6668
6002
1743
9044
5197
3263
5686
2631
3053
3154
8467
9556
4792
2510
786
2281
187
4703
3723
5984
1998
5813
951
8897
5473
6685
5270
4084
3769
8966
3026
8003
4541
7369
6308
8031
8887
7541
9120
315
5812
286
8720
5800
8255
9445
2627
1437
2492
9215
4621
4153
904
2610
5341
822
8453
4994
4055
6439
6373
354
9528
3532
4799
977
5772
1794
8594
4300
8158
1311
3093
385
7310
5887
7704
9052
6460
8192
1409
2460
8584
9824
6182
1966
7936
6660
1425
9344
848
8822
2234
9066
2687
5631
5791
123
7955
7203
7611
1070
2269
5144
5150
6951
806
1392
1837
5612
1826
9125
1696
7106
7303
7855
2117
26
1763
6594
1867
4460
466
1312
2827
9216
7219
7835
7541
9769
840
7501
986
9417
4327
768
4375
6800
5345
9542
6708
5583
2705
5472
8156
472
7932
380
6521
7042
9887
6950
2754
4192
4374
651
6749
9647
1721
9120
2259
6108
2248
849
4173
2999
6211
7360
5967
5139
9919
7260
3760
6314
1727
3371
3614
5906
3263
7121
252
7482
2927
8888
5044
5148
1977
130
9493
4280
2634
8041
237
2129
1783
5699
7965
7801
915
513
2503
6360
6789
2588
2473
9175
8576
6848
8614
737
9114
515
426
6885
3042
8430
3425
9689
9566
4389
3151
5940
1145
836
7975
1371
3898
5586
1252
272
4629
2382
6769
4141
6761
3820
1125
1279
4367
7909
9878
4984
6663
3589
5965
5468
4704
3611
8566
4572
9826
8967
9312
504
7116
3659
525
1104
3467
8228
8854
9433
8968
7424
6084
3168
6409
7012
8337
1612
4019
5037
2924
8471
5986
919
7820
6775
9669
7657
4762
2824
8637
8366
4960
4
5598
2049
8534
6109
9244
6266
2761
5089
5102
5435
6434
1195
4816
1271
153
6349
813
8584
1957
7140
5843
7755
899
693
6456
5995
6343
1704
6622
9703
3653
10000
9593
4632
8563
7985
9880
8878
2179
5118
1900
3657
3763
5353
4142
4783
8181
1375
6797
1448
1193
7889
1077
6300
1102
7499
2680
4956
3437
7593
8344
5117
1557
8434
2488
6589
6790
3115
3362
3361
5961
8783
7923
2575
7898
7839
5437
5660
1692
9497
3364
2907
9086
479
1595
7137
1111
1420
6789
9394
7947
6628
1267
9830
4759
8710
5862
4216
1110
6874
4236
1755
9947
40
4255
7154
9237
7227
4828
8133
2625
8255
6383
2522
2230
7029
2412
795
6710
4213
8203
1051
261
9739
706
9196
1337
1020
7187
1125
5908
1241
3354
1779
9333
3801
4345
3394
3960
1895
9134
1395
6670
5581
8547
1462
2822
7668
708
395
5912
722
3000
2931
9932
1797
7899
2809
6665
5184
7892
8909
25
3106
1997
1888
1760
1019
6927
8076
7103
6947
7820
9192
3636
7671
5691
6499
4667
6708
5741
4958
8975
5874
8724
4086
7287
7798
250
5953
7501
2428
3070
9325
3231
8685
4947
2251
219
6877
7191
7776
7099
7667
8560
3180
8067
2878
2656
1829
3621
7548
7617
7952
7446
2720
4493
9617
8090
1356
7632
7983
2095
554
9599
4061
5275
2346
6438
5521
7089
2385
2191
9242
8661
7341
4218
2215
9088
3599
8864
3814
4066
8619
8888
1450
3188
2068
1766
4734
4359
2636
4318
1371
1376
5676
6031
2602
7192
5563
5757
5716
3918
8586
3245
550
9869
4964
7840
665
4634
6204
4258
276
2016
1627
5885
553
335
3638
2733
3350
4566
9568
9661
3473
14
8294
8310
8877
3634
4247
6695
8287
7219
4498
3723
1236
6811
3996
3123
2885
4620
7971
3372
7205
1089
913
3369
5782
6122
6156
1820
7979
3182
2379
8589
8864
9609
8354
8142
3178
4933
8629
6228
2801
3122
6531
7181
8132
9014
4880
4558
72
3797
7453
9942
1595
7365
7068
4525
2065
5593
8707
9692
8041
2060
3800
956
6779
6090
7134
8711
9702
7181
6238
5471
739
2480
1037
5346
1007
5752
1870
2153
3335
8733
5653
6768
8958
9298
3110
6950
9819
6432
1138
6408
3280
7187
8513
2000
1046
4137
1715
3499
6150
8183
7690
2606
2131
1106
1623
7678
3458
5100
3447
2495
5556
274
3241
5536
8668
4807
9204
3210
3329
7352
7014
9514
6306
3864
5058
1546
3365
7768
1536
7461
9462
5687
4907
3869
9194
3560
2977
6488
3174
1243
3102
3204
4216
8139
6318
6306
4820
3976
8869
5530
4109
4232
3905
3620
2046
7841
9954
7689
3577
2565
2160
3943
122
1717
7634
1719
7999
8690
6251
3909
9887
3492
6722
7472
5351
9854
8220
6804
1236
1914
3802
4624
2913
320
3408
1717
5130
6573
1121
1999
1413
7332
6211
7395
137
8954
9416
3051
4486
7369
8861
505
7630
6259
8647
2581
323
4998
577
6054
120
3509
7679
1789
2960
5760
6973
6503
4274
1133
6806
7178
6554
8875
8989
4367
4744
2407
8346
4008
2850
4892
6418
9065
3972
1106
8722
6380
8894
3172
3917
5628
9277
9879
418
3575
7161
5585
14
5002
4853
9333
7755
3417
1900
4004
1825
6925
2472
1578
6441
2418
8047
3290
920
6189
6619
4339
5703
5947
1866
9721
4916
3082
2170
5545
2378
2511
1462
3971
1246
9621
2867
4280
7081
1366
2943
6577
5960
9276
5264
274
7573
854
58
9107
1567
5710
1128
7930
7446
3895
9071
1253
17
8730
7054
6004
5782
2626
5397
2463
5778
5643
3557
1021
1871
4594
11
6035
598
2052
5349
3813
7431
8332
7624
4868
1973
635
1715
8989
9193
4810
286
899
1856
9343
7467
7025
5225
1217
7107
8625
3236
36
3609
4643
8926
8935
9045
5960
2689
6100
6178
7528
1503
2333
588
678
3903
9149
1878
342
4567
9786
2203
2720
7783
5660
8477
9747
5381
8520
1847
5229
746
2364
9313
8674
5567
2578
1140
6598
826
4712
6497
7858
2702
198
4899
9721
8429
5970
3704
5551
3292
7119
3988
5317
6523
2882
1454
1913
6388
2946
4359
8037
2981
1719
2566
714
5526
7211
7309
9697
4526
763
9814
6438
7777
7802
6427
2258
7648
1406
8202
3972
8069
799
9013
473
3571
5136
8072
3934
1108
6114
1504
6902
6811
2503
2821
9776
731
6074
3717
6510
9311
693
6767
1816
7200
7009
1407
5073
3846
3441
3087
90
3337
4163
4141
3953
9847
5520
5147
6654
1534
5812
134
9375
5822
6166
1829
6593
9417
9475
6216
9958
7599
857
5644
5784
9420
2201
3218
7145
7225
9955
6946
8858
6457
6016
8109
172
8712
8191
8240
2215
5555
2434
3221
867
6002
976
3839
4980
5218
4347
7731
5426
6558
2730
1384
1525
6213
1119
9284
1618
90
8991
2310
9241
8613
4020
3446
5294
2785
6252
6218
9885
6853
8044
7323
2877
4022
2005
3990
8978
6906
1628
312
1514
2090
2251
8555
8831
4919
9803
5158
5735
5
8971
8628
6855
3761
3916
6060
3812
5824
1582
960
4405
1933
7562
121
842
4991
1126
2553
767
3725
700
674
9458
2779
4993
6935
7879
7991
645
9588
8204
7337
7253
3797
2971
786
1631
1132
982
4010
8094
9676
3789
8460
3879
8370
9455
7802
2061
988
9139
770
4409
2962
5482
8553
6262
9901
7760
7278
2630
1832
3082
6718
5687
9379
4897
7841
882
8395
9781
1451
7905
9067
6706
6460
7320
8675
9655
3299
6207
1479
2987
1952
4941
4609
2257
3191
8853
3856
5247
338
1230
9246
4718
475
9046
8907
5556
2072
9160
3802
1763
2336
7866
5831
3763
1159
1372
766
4758
2087
6183
733
1341
7683
5392
9738
7425
3538
2215
8246
1370
5421
431
1374
4041
927
3879
5970
3746
8889
3539
5742
4839
1327
63
6540
9149
8655
339
3335
1453
7072
2696
8577
6091
5423
6846
581
4771
1751
4340
3614
7494
5733
5264
4070
9139
7258
5471
5411
6982
4765
148
524
6763
1257
9488
4166
7514
7389
1154
8044
7881
6663
5543
1051
2252
1718
8245
2437
9501
1674
2642
677
3987
5734
7004
1660
4979
453
1518
6573
7035
5539
1556
2965
1894
3949
8645
5991
7582
9652
101
3469
8349
5093
5188
8718
8044
431
7466
102
3602
4973
8084
1942
2497
1673
4938
9971
9369
7332
571
4295
3347
2555
6504
7564
8529
429
8086
5946
696
2671
8521
6033
9487
7820
1664
473
5913
2577
1054
6289
3691
212
3590
7292
5138
1902
3761
1971
3914
2233
9661
7445
7152
7513
5189
4531
8423
2505
1666
8036
3466
8552
9467
2720
7534
9372
244
7478
1618
3173
6575
9383
9131
3389
583
6238
4088
566
9473
1465
9273
1776
2757
16
512
1253
5334
563
904
5557
3371
5819
2195
4359
946
711
5380
4480
1243
4135
1281
7020
9332
2003
5161
5368
2084
2554
3764
4205
3207
8465
7442
2207
8051
1338
3405
2325
3771
8527
7473
3576
2881
4111
1783
6516
3504
2610
5115
3702
3335
2567
6071
9772
1034
9121
8400
6070
2902
9645
8891
8683
8894
2508
340
7565
9310
6519
9524
5832
393
7595
5006
914
7377
1666
4869
5305
4958
3469
7057
1473
1460
5197
386
5986
7006
4576
4664
3891
3421
6932
5957
1115
6607
4586
5150
2142
1333
8590
6686
9324
6588
7150
7896
9706
539
4412
7561
1721
4071
4733
4841
7815
9941
7904
6455
7294
3153
6728
7249
9943
3831
8804
1220
7079
3845
6097
7838
4316
6563
6739
2096
1319
7993
8714
1770
9283
2063
977
3906
7459
8044
8828
3632
4790
4154
1517
2642
5060
2877
6835
730
6572
1351
862
814
9182
5767
2039
4469
5220
6725
6462
8866
1412
6245
7600
150
7312
4870
7574
5731
240
3555
3826
7105
8550
390
243
6018
3307
4300
8238
4118
5507
3797
5340
4494
46
7166
8012
965
5605
1756
8240
9791
1659
1030
8444
4346
9211
2822
8059
8761
6365
3396
2344
546
8522
7402
9927
988
2195
759
1533
9331
3496
463
3365
6777
5455
1216
7607
7726
1707
90
8636
3669
5036
3781
8955
3639
8719
8443
2399
5560
4100
7187
8840
2019
9400
3146
883
9260
6939
2838
7228
9180
7655
2003
4914
2196
1405
9899
2252
6408
2670
6267
6421
9891
1323
4802
3531
4853
9548
5553
9794
1133
4249
2404
636
9982
1262
6052
6196
6792
7090
3311
5827
2923
5204
3720
7460
1465
3977
3083
9558
811
6782
4130
1829
5309
8488
7728
4450
4138
5105
7645
6201
556
936
4901
4134
1078
784
3220
8508
2834
4053
5021
5371
9927
1713
114
1183
2404
2828
7850
572
6180
8523
8025
1560
3663
8989
3705
9553
4053
1201
3726
1149
8940
4151
3821
4685
2998
9891
7346
5200
5902
3806
2355
8184
9329
3871
5061
703
561
6575
3024
685
5591
387
9370
2101
5915
3632
3981
2706
9530
2217
4642
6325
5156
7073
9984
2193
1191
884
2843
8213
3206
6721
3121
392
8410
6190
9488
5095
3388
5923
9892
5949
1510
7154
3590
9237
7149
6104
9814
4823
692
1961
4967
1374
628
3196
2278
9473
4004
7114
8531
9525
3233
6732
1811
6954
5121
4246
2663
8215
421
6695
6307
9124
8908
9143
1635
4597
5128
8116
2325
8269
8600
3589
3280
3489
485
1722
2950
7618
343
3812
8770
2124
751
8022
4372
1473
2140
1832
8046
65
1122
9860
5283
8060
3957
9959
7830
1844
5494
9728
4107
2612
500
9985
1365
6578
4177
8562
4153
1483
1168
7718
2702
4018
8817
385
5715
3991
9329
3287
4586
249
1936
2007
5483
7382
2553
3789
8320
311
414
1117
29
610
3589
624
7816
1882
9086
4325
5362
7955
110
2725
734
7234
9702
1703
1184
1181
6264
7602
1669
2796
7945
2194
4328
4523
8572
8647
2304
1909
7549
8785
9729
5436
7161
7288
5724
4662
6350
5406
9733
261
2493
3837
7334
8536
7579
937
4867
9520
5472
4682
3730
5630
1864
5397
6143
4672
9588
2414
7097
3419
7157
8719
4399
9302
3070
2388
8781
4387
9727
4
887
8373
5947
5059
163
8498
7476
5181
4294
2702
7734
2180
6070
3900
3572
5998
5761
3723
7188
519
1065
3961
101
2888
7704
2034
5118
6085
1388
4992
6381
5080
2589
507
1076
8507
2930
1300
5385
4702
6546
6230
6607
6984
4998
7035
1141
9269
2181
3462
3909
7538
4438
2883
8982
7615
4795
3228
7551
5521
128
9783
1305
128
1410
5550
674
5069
3692
3455
6865
5440
7903
3421
7572
7218
3920
8395
5574
7153
3689
2540
4128
1236
6573
9591
6429
9506
6815
7774
1438
1699
6774
1468
9595
2891
1885
9090
8268
3587
7993
5288
8501
7970
3481
1488
6960
6460
3791
3911
1694
5171
4816
315
6563
2570
3652
7059
6288
9055
3571
7062
7370
2929
4709
1456
924
204
5035
9317
7989
506
9011
387
4342
6576
7354
1452
3304
9534
9150
1483
6852
9133
392
7058
1938
3639
9096
1771
3007
1527
7185
989
77
9517
3111
6222
2073
4496
9474
5542
4502
9702
6732
4613
3824
6866
8319
4952
2504
2011
6269
9868
5462
646
4813
7771
1198
992
6523
9333
2247
2152
2816
8026
8652
3585
8069
2772
6568
721
4144
5222
7040
6089
5014
7469
7277
4332
5149
2692
7288
5863
4582
4218
3768
8074
91
3368
4099
9923
2114
2476
4665
9458
6135
1523
9705
6345
9565
9472
9941
8148
9740
2102
7437
3792
6590
6580
966
751
730
1449
2060
9523
3177
191
1485
9101
9358
9042
4189
4553
3090
1681
8033
8018
9019
4433
5088
4370
9215
9089
2654
9467
3132
4622
663
4921
1299
5105
9362
2909
4925
3503
974
526
5570
113
5772
805
4725
3596
2719
6058
1523
2335
2956
4797
2207
1043
3368
5796
8319
1485
2383
3732
2635
9681
9746
4602
8147
2890
4852
4445
6582
5909
8487
651
8876
8181
5278
990
5708
6061
2968
9665
3759
9407
4687
959
7694
3536
9809
240
1771
8467
1930
3958
1997
1583
1224
1489
3607
4936
3120
8581
9867
1438
6739
9973
2765
199
944
1002
2304
7222
6565
8959
6567
5030
4843
70
1883
6516
5073
6044
8795
9693
4900
4765
7387
1602
1782
4893
9790
1855
9962
6756
2788
1011
8094
3950
7431
4180
1986
1208
6523
1555
1242
4350
3338
127
1770
5909
690
9946
109
8299
6792
1766
8528
3223
9261
4515
6214
8125
5693
1987
7416
9800
2467
3567
9340
913
5695
19
8626
8734
2530
3320
5882
9804
4538
3084
651
8256
5638
9474
4592
4410
6790
1690
6476
9383
1925
9303
6363
7261
5938
8461
5735
4210
8697
1416
5376
4319
6570
650
9649
179
4238
1197
1345
1576
5998
8132
7178
3127
6116
5649
2537
8466
7800
8720
5078
3788
3464
8555
4279
5871
1063
9121
2338
4858
1710
2546
8870
2677
4070
2916
4714
6222
1119
5531
5899
3955
6436
1801
9306
9668
4824
4551
372
9250
7253
2509
16
9280
3782
1045
9587
3977
9644
7837
3065
6428
2784
4584
2585
8999
1524
5175
3942
8059
6543
8575
894
9028
4676
3622
3608
2449
3850
8060
1567
1833
6973
9565
5420
3462
1840
6768
6
7689
4292
322
2898
214
5347
4925
6829
4554
5410
1758
4573
2162
1464
3428
6633
7610
8261
1055
8546
3488
7858
5265
3647
5181
419
7272
6409
6368
468
9515
1430
1713
8288
3086
885
4624
8475
8824
8986
8375
5322
8628
9927
4182
1820
6642
2523
1917
1068
3534
8924
1001
9525
3511
7212
6085
8775
9756
7219
1113
3590
4131
5045
6840
613
1410
1573
6399
8779
9023
6726
103
8970
3933
3299
6207
6772
7298
3244
3834
7353
5860
3424
5314
8611
6587
3755
5366
2345
3338
5569
5668
9008
282
583
6217
4184
9838
5564
4261
4693
8271
4746
5081
5871
6549
4012
6862
9223
9762
65
3167
3037
6709
2211
5910
8451
7454
8799
1894
6247
2259
1409
3281
8333
9030
2757
608
810
8831
7426
7694
9913
8623
4070
3873
4390
6246
9305
7765
631
2351
9731
8465
1879
4027
9214
204
3071
1980
7876
6715
2832
6181
2835
8278
9301
6529
5871
6834
6432
9639
4798
1469
6811
8817
2237
3200
2682
3884
8649
3347
9424
1834
2167
6603
2868
9819
2809
6660
8905
1349
3254
9277
4534
7956
4379
1684
9097
2007
4947
8782
4052
674
983
7970
7887
2456
512
9368
4575
8115
1041
3627
2486
7707
3334
5422
377
3773
9343
2563
612
36
2783
1324
3099
8962
5431
4105
3981
9299
466
881
8349
855
9842
5155
3127
3569
2070
9262
2297
4341
3742
1703
2543
3848
151
1999
5719
7850
4567
2101
1533
4383
7983
2723
5065
9091
340
3180
2824
6463
9660
5980
9921
5593
3220
1630
6404
4052
4218
2409
3885
6277
7246
733
6138
6125
6875
7190
6124
3158
4903
7694
1716
7024
4791
3627
2731
2416
7931
6542
7051
31
6870
6655
912
7545
7977
5665
97
9004
9898
2050
6418
3706
6476
5799
5023
5761
8431
6836
8530
9472
2919
4100
1032
2529
8733
3634
3439
2192
3700
9904
8073
3021
3728
4351
817
1155
3258
3994
4072
7590
6362
1304
3445
6722
7508
5890
9569
529
2642
8194
3115
2934
3259
6295
3066
4003
3308
5834
1477
746
2544
8589
3057
361
7706
3919
6051
9450
4276
4003
3922
4268
6546
3901
7313
5248
9433
5871
2402
362
3348
6852
1306
9809
6686
4102
8178
9807
2282
1626
4629
2691
4334
6039
3118
1706
4437
4766
1887
4896
8154
5938
7423
441
3446
9407
6942
3100
6
121
6140
1332
6436
1612
1791
1306
668
1175
5655
737
9351
1646
3443
7199
5008
2609
2357
8396
4433
3999
2921
3244
7334
2745
3554
7421
1261
358
1686
3706
4954
1573
1565
513
2690
4767
5025
8531
6936
6578
1970
6848
6050
9186
3646
1228
4908
5368
6921
6177
3223
5140
4909
2854
8344
9128
2330
3511
1503
4064
168
7594
293
9032
9628
5820
3039
270
8550
8846
6413
2285
3407
6833
1936
1165
9410
3445
6299
5705
2849
7094
9623
3805
256
3578
8371
7075
4102
4499
5021
330
6042
7613
7952
7570
6481
2884
7956
5534
3325
9443
1685
8833
8447
9284
2673
7745
8610
8611
4769
262
4717
5082
8449
3105
2879
8270
3936
6377
7170
731
6321
7879
7097
4947
8796
9350
3186
1674
9193
2852
8880
5905
1392
8252
6566
727
3376
8786
567
8936
2332
5593
7802
813
1095
1843
3351
1415
3215
7979
1171
2620
2280
4390
3593
2974
4892
2729
6740
4462
1659
2180
9661
885
8052
3905
2847
3303
653
6865
5209
122
2879
7806
3055
8305
7663
3685
1795
7380
6143
409
4645
1481
2792
4036
5052
4858
7749
8211
9100
8602
9093
6051
7185
3851
7097
3422
6099
4450
8086
5596
3658
940
505
6839
4743
4727
4881
4369
3509
121
6166
2872
398
931
9800
789
1666
3079
2701
3989
3004
1535
5968
734
407
5550
5632
84
8209
5965
4342
2372
4368
3609
3203
1994
7236
7977
7820
3346
9429
6129
1143
8986
3868
8050
2579
5549
8231
2496
2452
3067
3627
8154
8884
9668
876
7615
7188
4152
3088
4843
4709
1392
3224
6270
3660
3836
9821
5515
6446
781
898
9329
6091
9094
8075
2830
707
3916
2116
71
7582
9247
8116
5395
4880
7504
4868
6422
7647
8279
9328
6312
5177
1297
8436
1500
799
7190
1937
5485
4253
8197
7333
3031
6101
7136
6145
2384
1405
6423
1494
6554
94
3477
3077
5875
1946
8634
1784
7517
2635
2099
721
16
3112
8880
4679
5643
7222
7060
7018
2377
6004
9582
5509
9710
9344
8029
4515
6298
6537
2822
7476
5882
9584
480
5644
8415
6946
7385
6532
5596
6616
2484
8266
730
444
7235
8778
6012
3414
3512
4416
2095
9721
1110
9570
357
1193
1746
1400
5136
5953
9057
6856
3260
6194
5627
7141
9202
7760
291
8510
951
5187
6334
2177
9421
3128
454
6609
9840
6941
1246
8604
8935
3140
8924
7899
78
8103
4846
9118
8540
3261
3486
4037
2846
5102
9309
417
9180
5451
7033
4422
3612
6235
3556
6871
3459
5513
1498
5876
385
8049
9057
4491
3286
6177
2055
879
3526
5703
5294
3647
1621
5855
4795
6104
2231
5400
371
8307
6603
669
8612
3547
8491
4857
1210
8961
830
8393
2096
8226
8108
1502
4943
8887
7229
8808
185
825
4840
2810
4961
4926
6857
7411
4674
5205
3207
1080
6095
9815
1099
5124
725
316
5591
1902
4587
2847
9230
7951
3740
3054
662
2189
4884
36
9033
154
7658
3148
5113
881
5668
264
1155
7824
7374
5924
4971
6552
802
2244
9219
8855
1163
7352
6568
713
1009
7573
3255
7915
3302
8680
215
8345
2129
8712
2613
380
3624
1792
3477
6360
9884
1942
2043
5982
7622
425
4078
1630
4295
692
2556
252
8574
4032
9869
5144
8450
9860
9978
6944
6126
7072
2816
9420
7739
6042
7704
2694
4435
7086
3218
4300
9173
8292
4125
914
3067
6475
4308
5800
9590
8772
2943
7546
916
9001
8577
7296
5180
5303
2708
1258
1084
8185
6765
7172
3972
7861
1620
4091
9961
5421
995
2349
8503
1367
4008
7648
4876
6851
94
8266
8649
8155
1234
688
8730
4142
6578
941
7761
6351
5450
1589
1218
3965
1486
8491
635
116
8801
4171
709
4861
6026
6280
4295
889
7669
4884
9928
4341
4297
6594
1162
6228
4085
1962
9167
9096
7393
5285
64
3631
4313
6542
4716
4066
3678
6372
4138
314
2358
5215
6914
12
4232
7337
1183
9579
7554
8805
7842
7684
2785
4955
1663
1263
7194
8801
157
921
2820
1110
7958
9181
6117
8383
6707
379
3019
6354
3150
4598
357
3576
9359
2718
5357
6050
4510
6198
6064
5949
1986
413
5508
3565
3781
5091
8423
1845
241
509
9040
3696
6012
8226
1748
1921
6221
5549
8463
492
572
2496
4662
3661
2265
4300
9188
6458
1339
1127
2712
4277
7035
744
7176
8836
8128
579
151
1404
3406
5669
6931
8969
1071
7066
9206
382
9243
8331
3966
5912
3183
6870
3197
2148
2269
3429
4951
9003
927
3802
2306
8167
6460
8886
4020
2073
3674
4243
8516
7495
9819
4272
8364
3406
6242
1071
717
4106
5905
3042
3849
5962
6008
5037
3260
4657
3795
62
1324
9807
1644
4453
8546
688
441
6736
2619
6152
5912
5360
2572
10000
1841
4644
1504
7866
4729
7930
1840
4273
4026
8688
2487
6223
152
472
309
9332
9425
6146
3411
9867
3110
2170
8798
3940
420
1752
6187
6827
3044
1490
3763
3221
2034
1629
4438
7615
7019
7095
3537
4319
9314
8979
6989
2246
4384
9393
4830
6067
5254
8236
8968
7717
9241
9990
2736
4624
2226
8829
5188
951
5863
3611
9377
5109
7147
8184
6768
7351
5810
6136
6918
9492
3629
4066
4453
3780
4097
372
9731
9977
4814
6230
9768
5893
430
9692
1408
5261
3802
4162
2150
6837
3461
9086
6597
7207
7157
4784
8476
1027
4002
9000
9232
6613
2469
3220
7590
941
4856
2256
1873
1674
1786
7968
9852
2906
3822
7453
5632
4226
4449
4919
8415
3268
7576
3385
9302
7340
1745
9272
4223
2528
5602
2683
4943
2817
9694
393
9661
4272
7887
5731
8272
815
5602
2388
1795
699
3859
9391
9512
4222
6136
24
7504
5815
2350
5358
9887
7340
576
8808
5892
4360
75
8433
3055
7589
6929
2146
43
1055
6129
2019
8107
4348
3591
905
8003
2668
7011
4994
712
5356
1451
6330
3712
7975
8860
6617
1197
5929
2564
6410
2473
4502
2380
2144
4783
6007
1458
1471
5014
5118
1753
2378
3019
4288
1787
6214
6060
4936
7778
8148
1755
2816
5897
8663
5191
6009
9977
5972
4605
6108
4930
2935
200
2603
8215
1721
1206
3051
2340
9252
2605
5398
2401
5789
941
2993
5172
8046
7726
3388
7589
2179
3849
9000
6331
1172
8446
9485
6424
73
9434
7522
5968
1867
8260
6679
6371
9530
4129
9612
4380
5416
7873
4000
9847
5919
5861
3003
1624
4572
6965
6902
4038
3656
5314
7058
7951
3639
2697
5585
6453
1728
9201
9322
3190
1460
9378
8950
737
5260
9500
8016
1731
6581
5521
6110
1571
9912
4694
3297
3146
2409
2469
604
6149
5940
5764
5494
293
8923
8145
6324
64
1667
2583
9313
6006
231
9821
5994
7271
1409
7824
9175
7669
3362
5650
8763
6789
6816
9289
4293
1012
7275
9911
4410
3026
65
7454
2509
736
956
1241
862
5687
4802
4814
235
9081
5869
3979
3838
3446
3141
4601
4506
6156
458
6159
2640
598
1470
338
1603
7649
681
1627
4660
84
4937
5402
346
2115
80
7000
7703
6240
2712
1427
9633
3733
2780
292
3673
3061
4683
9110
298
6674
5155
8213
6947
8888
3672
1896
4844
726
9761
5294
3742
2281
6732
2175
7635
7010
742
1673
22
9194
5599
3351
3128
2889
7263
4049
3845
6191
5640
6427
4345
5566
7157
7992
1384
6457
254
5370
3694
2047
6864
5254
2629
6840
7368
6426
7578
5190
1674
7828
7117
3137
3033
848
9481
9090
5229
8133
5467
3753
9012
446
9452
613
4774
9743
3081
2511
6000
3860
7104
1501
6887
3757
1013
3776
5906
1507
1332
8488
5017
9127
7987
449
3951
5469
5588
7904
2443
7803
8040
2738
8074
1910
2055
3176
9145
510
2011
9141
3507
9090
1555
7926
7889
6838
5234
5099
8753
1565
4383
1570
5370
5143
8022
1314
657
476
7026
1870
7544
9489
4691
4247
176
7240
9698
2219
3703
4588
9573
1665
8244
9514
6991
3504
1354
2458
7031
9354
2479
201
9110
7733
8070
7223
2949
7627
8497
4885
4945
9439
6804
2025
2936
9483
6929
5476
4370
1091
7484
3035
1978
1318
7573
4326
5561
9707
9674
9677
1938
1449
1579
2839
4878
9052
7375
2612
1376
1561
4675
6851
231
529
9360
1010
5929
1780
9865
2002
416
3383
9115
925
7541
3376
9470
1726
8968
1330
9683
7142
2549
3916
1808
3914
9514
6494
9401
8549
1595
8002
2165
4401
4546
8913
1608
3966
9992
1790
2556
2482
4055
3894
3448
7683
4888
3320
952
2073
1643
6158
9586
1331
7252
5497
6514
7245
4488
759
4532
1275
9179
7787
6719
581
2898
1389
1110
6811
1232
614
4333
4379
8452
6981
2211
8304
4581
8883
7790
5084
2333
8287
5172
893
4402
4947
5553
9482
4934
4534
5357
8457
2786
2387
4715
461
5235
8346
8974
7046
2954
2152
4094
2453
2289
7892
9073
6731
2283
6500
5673
4955
9895
5563
9074
6337
7450
3754
5880
7738
35
497
9123
2672
5198
6199
1846
9310
9862
3365
9047
4640
9019
1784
6155
7824
7760
1041
3909
8859
4319
9253
3777
7540
8129
4625
4807
3152
1843
9897
2873
7170
8649
4067
7168
2780
4203
7187
6406
5839
1256
5771
8838
8176
3637
119
4880
5772
3971
8499
794
518
9637
5054
1233
5071
1052
697
1661
8275
7876
9542
7176
4863
9485
4971
6248
1645
1825
8883
1453
3087
1058
9121
2573
6966
3760
5638
6079
1488
1951
3026
429
4656
1651
4206
8575
1037
5073
8935
9852
2693
7531
7450
7354
9962
9941
5358
1596
576
3828
6210
783
2513
1441
9739
5879
2160
885
9496
3187
7609
1497
6481
8626
344
8607
9145
1100
3260
3970
6684
7901
9582
7221
1817
8205
3132
3965
9528
9821
5931
2755
3749
3854
9223
8003
7032
7850
3714
6299
3572
572
522
399
5800
9966
912
7057
4763
4260
6028
1569
8483
7460
226
8895
9454
896
3522
241
2455
3874
8194
7624
3464
6508
8038
686
1192
5525
5243
7601
3646
5064
1837
3277
2802
1374
6210
6929
858
7575
9577
969
7577
3686
6440
9723
4197
8459
9067
8549
5292
9691
7396
6363
7795
5234
3286
7122
8228
1667
7462
3429
147
1696
1187
2142
8359
3258
8409
4088
4494
7806
7053
2814
8743
5494
2917
8251
3498
2728
6603
2582
5676
8652
8586
9709
2930
3331
4163
1842
5977
4971
9519
9942
1203
6810
3335
5949
1155
5104
3361
3381
715
437
891
2042
1827
3231
1828
9011
6328
4658
7941
758
8882
895
253
5655
3987
3396
6715
2766
8231
6339
8566
909
3957
5643
5698
8649
604
9363
9286
7405
7775
4065
7647
299
6598
2562
6232
5460
9576
2389
4390
3481
2132
6582
5700
4997
7360
3569
1388
1281
8174
1078
3055
8642
8568
2691
9146
5523
2274
9809
202
9400
1384
2419
2628
8211
7339
5120
3246
1174
2124
3115
9120
9552
190
9275
168
2847
6551
3781
5646
9051
9387
131
7183
2864
8052
1980
8692
7511
5685
942
453
4120
5560
2293
7871
5006
6182
2528
4441
6266
4647
1221
4812
8746
1623
3829
3513
9129
8732
2378
7655
3904
1714
9510
3712
7605
2382
2735
1975
6092
6826
8898
1119
4843
2890
9451
6926
8319
5791
3205
4929
4573
4944
357
6740
1813
5033
6924
6803
659
7123
5895
4579
5056
7836
978
1292
9131
8002
3195
6641
4780
7674
4976
7940
6522
1815
6541
9507
9280
4247
2468
3043
8077
155
4252
9702
3809
4655
805
7951
1927
3110
9726
7108
2264
362
3838
8710
8673
9436
9340
8725
4149
2839
1381
8072
647
3725
2448
7139
552
3690
4760
5159
2319
3414
5118
8087
4841
1670
5433
8799
1106
8488
9565
6316
8048
5668
9099
9831
8339
8237
5493
2072
1940
7871
6922
6891
3449
2418
522
9476
4929
4205
8243
6265
9045
4208
7294
9061
3432
9580
6090
7340
9187
3670
421
2202
7697
3007
663
9678
9373
8890
2285
6817
7880
8009
3006
1834
1517
3682
7672
6263
3463
4072
2078
2763
5752
3434
2407
4881
5705
7751
1518
5933
8369
8958
8739
4309
6379
8525
2009
9970
881
1052
2317
8518
8508
1012
9274
6625
5005
7660
3918
9093
3520
2299
5276
4537
1946
716
535
9586
5628
3256
5237
3081
7326
3693
7753
2641
1330
326
1578
8041
6624
8174
8860
4668
4466
1477
6325
507
8062
5066
446
3596
1308
9931
286
1886
3640
5008
3759
8396
258
5503
8025
3276
61
8228
3983
1507
7992
1566
8899
96
7426
9866
5180
6402
1634
6564
4319
305
5583
2094
8652
2264
8626
2011
8358
980
8375
5451
1918
7526
7882
9606
9101
5391
74
3518
6650
2789
7604
9591
8817
6707
7118
7417
5779
4365
9565
4801
2683
2759
6305
4497
1277
4341
4841
1576
2162
1595
9571
1357
8406
9749
8124
1294
9204
2559
397
2522
4948
9023
2611
1750
5389
3383
2053
2950
3540
2394
9969
5890
4139
7289
1342
3059
2939
5399
6650
3704
8061
6049
6744
3754
1174
6868
17
8771
3535
8029
6935
8416
3481
6060
4445
6029
1068
2320
8018
5518
3208
9317
6684
9302
3908
1722
6155
4376
4062
9880
9724
5212
3986
574
1580
7001
5180
1113
7184
1201
2949
422
2042
9197
3472
9291
7911
6732
6410
2259
727
1299
2667
1278
6363
6504
1453
7659
8304
3039
6554
4386
5446
3529
3577
4083
1858
9599
7544
990
652
5335
2199
4052
6117
7178
7206
4439
944
7211
8299
2617
3444
4230
3102
180
6693
4295
989
2265
7789
5231
1143
4161
8908
4025
3975
4244
1650
9579
6301
7874
3187
9387
6202
6164
2503
1141
1508
62
7682
7634
2416
2444
8965
5340
1719
4284
2396
4789
5419
9756
4813
1250
4896
5172
4463
9497
156
422
2900
8634
3933
6846
6656
2994
6741
9561
4950
5125
6973
6920
6897
9260
2513
3481
1419
4951
9076
3645
6162
8969
5298
3463
9114
7297
5554
2297
7658
2171
4102
7962
3396
4075
1034
7046
5965
2687
9208
3372
2076
7753
2498
9716
6315
6780
4218
3355
4847
2929
1822
5280
8434
4059
1215
6182
5891
7489
4381
6617
6374
3963
253
4004
6002
7558
3997
3814
4412
3850
664
5024
9229
400
5224
6846
5808
5010
5377
6298
5837
5225
1444
1212
83
4001
3259
1461
7670
8298
4983
9044
6859
3972
9538
7027
3243
3253
5759
8917
5637
5343
6686
4819
3616
5095
5410
57
6875
737
1171
8078
3623
2396
9385
5053
1422
9201
1941
7017
8127
3668
6070
7244
4649
8147
6132
3694
1943
8804
7715
1434
9347
5206
140
7603
4432
9282
1723
4810
3189
4843
5465
941
3319
7454
5651
98
16
2606
9410
5038
4732
4818
4865
8720
2081
4917
9515
8192
7881
1988
3775
5093
8266
3771
2395
5288
3843
7558
2770
7611
5071
5054
3882
8787
5737
9729
159
4023
234
5697
2248
6029
8995
4531
4294
2576
5472
8998
4010
9614
1555
4110
5661
9344
2111
4465
1124
4800
3487
5508
2088
1235
9738
4151
9356
4776
6033
3060
5876
7590
8049
9755
104
2399
1021
4547
3417
3128
720
796
6606
4318
2482
2419
9255
87
574
523
3894
609
6935
553
786
7209
8301
6456
6456
3908
4676
5070
6247
1027
5255
7124
2559
8122
3523
6773
7401
5042
7537
2231
6508
2170
6247
4251
6111
2465
8835
5036
6036
977
6781
741
4205
7751
7432
4026
6453
3709
7528
9251
9014
9518
7698
6602
3645
4941
1344
8902
5257
1931
5597
8361
1349
8813
5111
4602
835
3149
9282
1865
7385
2254
7324
4218
7974
4110
4813
7197
8603
8343
8913
4794
6941
4175
9152
6922
7935
571
4363
659
5044
8449
226
762
5594
9971
6441
529
3985
6548
779
6062
2967
4227
4510
6744
3916
6785
2281
6453
6229
4248
9271
3187
8885
665
7601
3385
2680
1786
5686
632
4516
9822
1999
8429
2826
5573
2865
3362
2898
4645
3256
352
9859
2997
6711
8430
4395
979
5708
6613
7787
937
4334
6190
9100
5722
1422
8447
8395
2487
9819
1225
996
231
4119
1770
5703
9664
1341
6692
2458
1774
4106
7136
6386
9845
145
9577
6418
2083
7698
8591
2529
8586
5080
9380
9798
264
5637
3812
6908
9699
6515
229
4087
1372
6826
3768
2923
1629
4054
