7787
8625
9253
1544
432
562
879
1918
8189
3408
1089
2539
7700
8490
6548
8639
9702
3977
5389
3183
5666
3840
251
9940
5726
8246
9141
846
59
7135
2300
9163
367
1336
4924
8636
6785
9942
9810
1343
1506
2323
4218
7310
7812
5442
8267
9696
8782
5771
5663
2047
6186
9968
1104
8606
2821
5955
2416
996
6144
2367
2376
2091
9350
2639
7882
375
2936
818
2638
8525
1025
5087
7089
4504
2926
1774
9163
60
2915
1165
2805
1001
265
3486
1485
1133
8989
138
2725
5095
6478
9463
2463
1009
3920
798
1327
770
4506
1114
7406
6733
4826
1251
5732
4392
8197
6397
3994
8947
9025
6348
2695
6385
7048
2155
2062
2450
7249
7129
4890
1587
5391
5950
9485
4737
630
1596
7408
4598
5806
6502
8618
2490
77
2309
3797
2442
7642
3552
7458
8949
604
3558
4900
7993
7687
9061
5118
6955
3542
8109
952
9234
9886
2608
7064
3857
2413
3152
4559
5767
5485
6159
1578
1667
928
2960
4225
8232
616
8437
723
4064
2591
1694
8562
8906
8202
4282
908
8547
4269
6433
3895
7367
3868
4117
8672
5480
5503
2030
3473
7593
730
7110
5689
9676
4828
2103
9110
2395
678
454
8635
6692
655
7523
8996
3141
2964
1254
784
1674
6871
5975
1767
9541
4861
3757
2204
306
8395
8162
1880
5953
9827
4776
2124
3184
6403
7095
76
8694
6440
645
3482
2957
8384
4619
5261
7874
6267
6281
573
2082
3517
9663
5271
6748
1813
8619
4054
748
3772
263
9429
6073
2657
5541
3782
7902
3675
2684
9472
4971
2603
6507
8022
4790
5833
7514
5492
4843
5722
210
4508
2850
8389
5074
3216
6388
184
5133
5359
6944
1611
7080
2056
4968
8668
3887
3705
8176
995
4153
1642
6130
6646
5049
7283
5577
7740
8956
2448
4574
8195
5113
7599
9580
1756
2168
8861
5
5153
8324
1884
9360
150
8161
7852
2466
4148
6698
8482
3336
6553
9365
1653
5156
5410
8537
3435
2185
8134
6846
2922
1516
1150
550
3880
345
7509
8402
2656
8991
787
3218
925
5790
2996
7874
9022
2315
2885
4041
116
650
1991
3753
7009
2977
7696
7573
3854
9196
5663
3136
1849
4033
8037
9650
1351
4191
8876
7813
496
7378
1365
467
537
1787
3772
811
1529
6935
4948
6254
4527
4403
2312
8615
7877
1882
1652
9453
8618
9437
6190
3706
4108
6960
6452
736
2980
6543
5419
791
8839
3795
7876
1818
1052
2274
945
9298
1998
4731
8724
2809
6815
3086
1527
1011
5697
5168
1452
6597
4302
5042
9438
3186
5832
6094
3379
1926
9830
3310
6331
7364
9228
3778
8317
4339
9730
2302
3713
6334
9034
1865
6350
6470
1206
9149
3374
8559
5120
7879
4846
3403
7752
473
488
3369
9563
1266
404
689
5138
9833
89
1434
1389
5227
7854
5688
4649
5346
6567
841
3947
8694
524
9277
8332
4095
511
8426
6089
3849
4346
590
6029
1488
2120
6401
3147
9978
271
1980
7901
5766
785
9916
8093
5512
7421
2475
1512
8034
838
9097
4499
5849
776
9549
7415
9623
8713
8924
4620
9436
9229
3601
9113
770
8177
143
482
1411
5008
7803
9221
1921
1864
4972
5873
211
5977
5192
80
4021
8791
6011
8034
1601
1754
2599
6960
3440
8416
3279
23
4233
4321
2164
5899
3472
2337
7591
6350
3121
9896
1616
4750
3836
5921
7163
5400
7110
3163
960
4051
2580
8772
2685
139
7952
3170
9885
8882
6191
3968
5013
5207
9162
3785
1698
7025
3756
2802
3680
3686
5607
1453
6043
3570
1759
3407
3341
999
2425
3783
2418
7158
8792
9155
640
1300
127
5894
9020
3874
9133
3986
6775
6878
6475
7801
1999
2778
6474
8467
9018
3115
6151
913
1027
3543
5064
7241
9906
8822
2183
4844
3001
6652
2349
189
5414
9744
1753
5873
4076
4979
5704
7170
221
6332
166
1719
9471
8312
943
5512
6841
4457
9768
7418
3159
847
5951
2571
7522
4779
90
3787
5904
1720
4842
6631
3060
4811
540
4700
9218
3957
9469
6994
4788
7219
1048
63
5791
1576
9423
4530
8463
8374
7024
3897
5285
6047
6387
4003
6018
362
2793
65
7394
180
9054
6253
1214
2117
505
3723
86
7661
4627
6768
3357
8574
4840
4419
9931
9824
6437
5390
555
9710
5819
9847
8846
2312
8741
6648
8457
3592
8270
4052
7092
8274
7050
9244
7081
3910
5493
9727
5379
8014
3557
8195
365
4152
6568
5014
2383
1911
5898
3597
1787
3895
1022
634
7904
7626
7528
6640
7713
5649
2118
2727
4811
9045
2689
2270
9146
8685
9697
8289
134
1934
4237
8257
8367
2914
2562
7336
1845
6952
6723
6023
6479
2050
5505
5728
4613
6597
801
5538
1763
701
5354
7466
5206
9319
6458
7060
2140
7871
5155
6601
4754
458
3578
8546
6564
3208
8623
8166
2041
8012
9112
6610
7850
5964
8003
193
5132
1978
2997
7484
2432
1323
2672
8716
8638
1791
1439
5619
3763
4655
1107
894
740
1421
4426
8508
4726
5557
3179
6350
7180
4125
8353
7438
7195
5932
592
4906
6945
5896
1091
4210
7704
841
3936
4748
6254
3316
5463
1658
7465
7214
687
5457
9685
7199
3458
6591
9068
220
9115
3131
3945
6994
4926
7367
3807
4597
1351
4832
5285
9123
355
3405
8894
6543
622
4518
1322
233
8086
5793
6536
9975
8420
7037
1261
3780
3841
8707
7678
2188
8019
449
5221
7180
5067
1208
3309
3304
6154
2812
1747
5219
9424
1905
3957
4231
639
6916
3000
6762
6597
3780
1011
8423
2691
7044
5244
4347
6885
7925
769
336
8326
6214
6151
9430
1125
488
3295
5234
481
7463
2101
1413
6767
49
9224
1646
5796
9551
1392
8095
6681
5922
9406
1676
4997
5441
7162
9389
7534
4538
172
6608
3341
6772
4962
2502
4939
9331
4685
5717
3557
514
6587
5122
2970
7469
2
816
2470
1531
7830
7751
8312
2407
9153
2329
6492
8219
7374
292
8541
2063
6263
2928
5371
9862
284
2653
2112
2133
8903
1117
5758
5571
1652
7353
4267
5928
3418
4196
1814
9528
9487
4822
6069
4376
9369
1718
3325
4092
2746
5124
3259
5598
444
7634
3341
2073
3380
1565
1556
4562
5773
2039
6404
2492
9683
4006
9192
2743
8415
1599
8888
6706
9665
5559
3491
3274
2858
6854
8054
3537
8123
379
8558
1773
8064
6439
9789
293
1052
4459
4691
8301
1100
5950
4227
1043
1756
3782
9152
1308
7329
3116
2228
7602
634
3833
835
1483
4562
7503
8570
9025
6429
2236
3877
1719
7378
5875
9978
2210
1537
8538
6644
8342
2937
1825
9596
3085
3038
6309
5849
4608
1753
8870
9933
4161
4961
9281
3959
7904
6096
4156
9879
2436
8749
4673
7160
6415
8340
8451
6706
1713
2588
1202
1902
5893
4004
9594
1701
8832
258
3032
7440
9622
7004
30
5105
570
9317
2266
1800
5177
1683
8549
5599
3772
2134
1553
1616
3159
9483
4965
9220
845
4945
612
6840
9636
5986
3953
6226
4647
2600
2036
1343
5911
2306
4331
3520
1943
4784
2682
3739
5955
4258
8270
8058
8369
6514
7589
9448
3382
8253
1192
2727
9944
6784
8148
1309
2014
991
216
5948
7966
6186
8905
9167
4631
9457
4429
8998
8138
2929
4434
1856
9024
5933
8495
8300
1215
3389
7201
5563
9358
938
39
1073
6624
9963
9359
4285
2786
5660
9787
1794
1576
5179
1846
5786
2970
771
6153
4429
3647
2220
1551
3414
4520
7167
6556
8876
618
6207
3662
4690
2389
802
4548
9011
2912
9104
2438
3991
4021
9137
5128
894
7483
3803
4612
7023
9478
1322
1676
9514
4167
5066
586
3048
6652
1070
5554
12
934
1909
5287
9128
6175
2125
27
9940
4620
7246
866
5165
7578
5139
829
7499
3456
1657
2539
4857
6369
7656
8837
1570
7798
7362
5215
1733
3977
8902
2968
1789
5384
4369
8230
3353
5757
9398
6412
4367
6804
7234
7076
6182
189
6350
5971
2631
8427
7561
3859
1886
9069
4197
2358
9250
9915
9349
8670
9464
8385
8648
5718
488
6979
7267
843
1274
4625
4073
3780
32
9992
5687
5635
1188
9186
8723
2307
9850
3368
3926
5174
1777
7729
727
4014
4733
1164
8272
9087
4684
4980
7029
2768
1100
1070
9309
7667
5917
7673
4891
3787
4151
9207
602
2248
8993
5968
3536
1470
249
515
6378
1657
4827
3113
7711
9512
1539
6910
2049
8848
7517
1988
259
132
4605
5841
2862
1802
9979
4934
156
3
9671
7173
8831
7680
7788
1770
1974
5642
185
9140
1631
9930
1847
4710
9319
9287
4554
1447
2925
690
420
9905
2089
713
7644
9691
1096
2112
4486
7801
2420
4836
2777
7816
3568
1311
7921
719
6365
714
6212
7090
6315
483
9825
8408
9938
2140
2367
6692
6159
5177
3892
6363
9743
7919
5995
5767
3562
503
397
6118
3088
6543
9033
9026
2545
3045
2439
9674
7252
491
41
9719
8604
1906
3553
1936
4365
4568
173
8833
6275
3657
3468
8896
3397
9412
7835
3817
7264
5178
204
9312
5819
6726
6383
3547
4056
4879
7752
2870
5630
6393
1683
1410
7902
8227
3691
3752
2085
9692
4896
4055
8652
2051
718
3204
3163
9081
357
6779
4706
6537
5279
8260
9281
1019
8648
9909
4193
7232
3006
4738
5059
8595
4793
6588
2303
6109
3497
801
9677
2218
2705
3884
9450
6919
9663
1024
9519
6800
9960
2303
51
1304
3073
7332
8621
279
6846
6959
5203
260
4816
9341
3090
8705
6549
7696
405
9933
4572
9055
8053
3593
704
1761
5773
3994
6270
3119
56
7920
5244
4397
4364
7028
5582
7238
8209
1781
2460
2041
4687
8744
5856
4168
7720
833
7820
7543
635
3381
939
9064
8264
473
7164
1326
86
6717
1929
2980
5232
1027
741
3514
1506
4583
4740
5236
5954
5100
7175
6482
5911
5114
2371
9698
5687
8380
9719
9576
7736
4914
7248
8869
5540
7728
9062
6405
9039
6915
357
8776
5277
8539
3958
7685
7819
3722
248
9025
8332
9998
5826
5563
5153
9760
8542
9379
2290
7284
4983
7814
4635
2556
6687
3427
7839
3767
5391
880
6631
2960
5798
3802
5549
7085
5506
582
1142
4548
4973
4425
2383
5540
8049
3647
8118
6417
2724
1985
3650
3193
5932
4086
8733
1100
3569
1172
8629
3802
1437
1019
3751
7550
2830
8555
4464
2900
1526
1803
7784
6746
9943
7666
2429
56
7295
2866
2010
7061
3426
9369
5261
2876
6003
8773
8468
9916
8062
2217
7402
4058
72
2880
6057
6990
5663
4961
9426
9821
2789
8936
4426
8084
2905
9284
4291
8348
8094
1009
821
3985
6289
3814
1962
7807
1529
4358
7871
6469
9495
6806
7199
7115
8169
624
7230
543
9356
8769
8037
2245
5417
8746
7342
8108
1713
7556
4451
3284
3639
6214
4137
8276
9559
3061
8203
2764
6624
8234
378
3883
6324
225
1809
7181
6897
4808
8861
3558
6546
7081
3164
5077
7236
745
7602
3478
2989
7967
4761
545
5294
9559
5807
2351
7807
5033
3605
70
8247
4040
2546
9591
5683
1508
8028
5182
6320
2828
2505
7451
340
7847
8605
9924
7827
8946
3504
1624
2171
1201
8701
7950
3318
9411
4063
1848
3127
8105
8291
8595
6648
6004
3952
2605
4990
6090
3177
5290
9342
8208
9299
4394
4951
3807
3504
2504
4811
67
4402
9791
9729
9200
658
1212
3110
7291
3925
4946
2663
8213
3223
2858
5600
50
1795
4080
9160
3205
3771
8747
9015
1255
1533
251
4131
7874
2607
2264
538
2296
1934
1867
8704
2959
7141
4367
5959
1988
7998
2493
6783
5676
1601
1303
7429
7406
4793
3230
8207
6427
3828
9472
8246
3663
7013
8052
2342
6245
5861
5323
504
9613
5846
172
8826
4121
3348
413
29
8858
7033
645
6991
53
1871
9083
8434
721
5295
3861
3306
6449
339
4956
4373
8669
8747
4134
2279
4736
9160
9628
762
443
2911
1553
344
3884
6103
2236
8960
1884
727
335
4442
3079
3599
5586
2797
7179
405
7437
4188
1308
6554
4062
479
2280
6458
5044
6158
6674
3765
4749
6129
4778
5005
2872
3617
2384
7922
6505
3644
8397
2153
4827
6292
89
1937
9296
6262
8172
2269
6497
4201
8363
7957
1903
3312
7625
2085
2271
973
4218
7546
2495
456
2804
5653
6224
7941
6684
2141
5504
2024
711
4654
2965
9926
2024
8540
5905
8288
9793
1761
2896
2475
909
6941
9889
287
1752
588
318
3172
7682
6494
4374
6575
8466
1772
6704
7992
4938
3366
9608
5041
553
9390
2047
5783
2134
3977
9391
6599
230
3478
6975
9187
61
6523
5699
3891
2228
4152
7663
4749
2921
9531
7341
1538
9226
1231
5719
7120
9509
9256
3644
8269
34
4658
4100
7618
3057
9253
1119
1825
2935
3205
3532
4527
5984
7770
1762
7727
9864
3567
2529
9869
9134
103
1027
164
639
9089
8373
2599
6630
4632
9046
363
4497
9579
7180
9591
7775
1521
4012
114
8575
9157
9531
2311
7084
8160
9046
193
7382
6864
1603
4269
7145
9626
1408
9568
2841
7410
6364
9847
2288
7336
8615
9216
2205
9414
4895
329
3367
1117
693
5568
3059
8542
4519
235
6124
395
6096
1486
9646
1268
1714
9916
2669
1824
3851
3989
5641
7172
5548
7965
1010
72
3249
8751
4328
6770
6884
4344
2493
4532
6284
1324
858
6384
6718
6237
8616
7042
4840
8258
1176
1958
3425
3456
6193
1561
174
3738
5875
8751
3908
195
9035
7719
9029
7415
7044
8010
874
8050
2994
5389
5087
242
7854
2583
5328
7959
2678
423
8173
9351
1127
6660
5382
9663
5178
138
7150
4786
1743
9514
4711
6990
3505
6470
3001
6665
9487
5767
5335
6281
188
4363
3108
4015
2595
5979
3276
2297
5538
3246
7718
9227
5844
7761
4295
8305
9831
7550
8255
4972
6511
8141
7499
1393
7210
8709
637
8977
9193
3200
5707
467
5829
4776
6657
2164
9984
8167
9998
2429
5273
8528
7605
3812
7142
4266
5536
9087
5580
9514
7168
7607
4864
981
1158
5919
9609
7536
2241
6954
9413
9519
8789
9638
9992
363
6766
8344
7960
9247
2291
465
756
3869
6379
7594
5534
9640
927
1395
8980
3701
7984
5392
2969
2458
2808
6664
4129
2500
4632
7802
7635
4043
4760
6333
3224
1539
8384
5843
2632
92
2626
735
9341
4529
9394
1289
1468
4046
7190
9219
2688
2401
568
9288
9857
753
425
5958
5420
1616
7303
9991
5186
955
4291
1822
5338
3979
9327
789
6563
4347
5202
3707
3492
2016
4438
4349
1315
5355
9573
3923
9029
9281
1647
5053
4334
9189
6167
1147
770
5905
3777
4629
7901
4825
4758
9338
7299
2592
2108
5213
2892
7236
9778
2377
334
5665
6222
163
7443
7550
4833
7451
1546
1295
5173
4824
880
7016
1239
535
9644
4720
4742
7616
6193
5101
6563
6250
8555
6937
4705
4810
4610
9914
9554
7557
9655
3791
6911
7533
5724
927
862
2212
7966
4369
2928
2753
2343
1578
6972
2782
3847
8339
8634
9784
7842
7862
627
5676
9193
787
5574
3453
462
9554
9717
5775
2115
8289
7359
1871
3077
5234
6689
8338
2721
2370
8788
7042
3525
37
7648
7069
5831
8675
5808
3669
1805
7107
7413
6695
4417
8003
774
1826
5094
1819
3746
534
2073
5661
2548
97
9398
1498
6908
3256
9259
3997
7141
4592
6448
7602
9786
9806
5302
4660
5495
9365
549
1437
3096
2872
3280
5833
7040
3254
4745
2433
5841
1600
7525
9324
7895
290
7954
8490
3980
3187
2050
6758
7637
7954
7801
9459
2324
9446
299
7604
8916
5697
9221
9226
5662
7486
8753
7842
651
7877
3951
9353
5109
7730
1168
2929
6520
8889
2250
7179
9565
1565
7959
9261
765
3059
6131
3908
5760
7908
6114
8130
5697
1381
1806
2344
7280
8337
9972
3265
7372
2644
770
776
898
5909
3148
4329
1429
8564
2618
664
6874
8665
7432
5588
1559
5208
3030
7664
1359
4408
7379
2145
6914
2167
2061
1133
748
9361
6686
3662
345
9386
8996
5787
5453
2834
1002
5030
4306
949
3076
4672
7997
6205
4012
1865
1725
6655
7031
8527
4414
2333
1117
2170
1644
2558
2933
1813
513
255
4049
2011
2485
9091
8
8508
7845
389
2731
4542
4972
4137
2463
264
8228
9427
8254
4366
9709
1135
8173
3659
5944
8076
5370
2451
9956
7321
7829
910
8671
1155
621
2173
7310
8913
4259
231
8028
5764
756
6808
2619
8630
8761
5411
2452
6179
6720
5173
9381
4653
485
277
7481
800
1760
9803
2917
4751
1479
4895
8148
8633
304
7261
3806
4937
440
4666
3175
5494
169
6410
9797
299
4957
7524
572
1009
7939
817
8873
9279
6692
5724
7363
2274
4500
3553
2882
2854
6191
5413
6673
6480
6018
9269
2462
2328
2595
6076
7418
1771
9784
1387
799
5444
3844
5180
71
5740
9327
1599
5972
9003
4112
3406
1206
2987
4455
5517
2578
7389
9297
5954
5095
1490
5452
4786
6106
5522
2260
9226
9070
902
3280
7624
7859
7333
5248
1181
4784
4847
4313
1391
1317
462
5108
415
2642
1930
3707
4795
9348
4164
3942
5228
2516
4760
6405
1588
1284
2986
2168
8013
6009
1842
5435
5672
7357
834
5877
6702
3202
9115
9380
495
2610
643
4303
9165
7504
184
9107
1049
713
3429
7266
4264
6196
8019
9160
6719
6816
6209
2749
8181
4021
6260
3332
2687
6693
9732
5674
8210
7653
3239
6610
4258
2511
6653
8934
2417
6918
7332
9917
853
9860
2359
1908
7827
3191
1372
8797
1488
1606
7083
8041
1009
1973
1217
4605
7426
3409
9698
2423
8951
3998
4106
5897
2828
3720
6447
3577
8187
5012
8339
7491
9249
2367
8611
4721
4267
4805
5457
7079
4849
3351
4899
7104
9859
1615
3792
6108
9604
1428
3602
4410
9337
9483
5720
9145
6384
3544
6986
7483
1112
7764
9827
6377
2521
2737
8527
8180
3936
7019
8404
4112
8323
8936
4414
9271
1372
5972
8370
2665
8735
9701
8859
8751
2621
4884
8847
6363
3290
2870
9084
3689
2464
9441
6912
2287
6321
9296
7244
2541
6565
933
6456
7149
1203
291
8529
8303
895
5144
3878
4277
3713
3661
8008
9577
8807
2478
9913
7954
441
929
6681
1349
175
2955
7464
1821
1035
890
3185
3759
5758
9499
1666
9220
3964
265
5062
6647
5287
966
6974
7542
719
6300
7268
96
6759
4097
2498
8753
2332
8609
4315
6024
8362
3581
8088
3775
564
8505
1395
2886
7873
4357
2485
7245
7113
8115
2371
8986
6896
5598
2712
7180
9123
925
275
5902
1155
5702
8651
7308
4575
6582
740
8342
1876
5965
4518
707
8953
8726
1174
4122
2993
8772
1281
675
1413
9986
7213
6862
3841
1889
3013
5385
8594
8618
6975
1584
4801
9166
8349
4985
2398
6393
1931
4887
7010
2183
4422
5983
9771
2260
1780
5112
153
218
1750
2030
8797
3368
9961
9154
2915
2034
8304
2715
9632
2892
2456
8691
2934
623
7648
4740
2242
7962
8377
6978
1762
7529
6919
9274
4831
5890
3786
3698
626
3878
1040
3901
7188
6832
5167
7535
8974
7548
4938
9203
2199
2152
4198
6008
3966
8091
1544
4416
7975
7550
2871
4912
3423
8298
8748
3322
4763
5387
3326
7931
3188
7290
7544
4785
6444
2431
8944
6452
1335
9936
5070
7936
4972
5610
1679
7142
9297
4489
689
4606
9489
2128
7458
4887
1992
3454
3888
1971
5616
3398
2324
6713
5828
6619
1182
842
103
4463
1568
35
875
9106
6009
9644
1144
8466
5460
8919
2137
465
1772
7152
1144
7206
4015
4818
569
5690
5922
1975
5648
9458
1884
9730
4526
195
6061
2046
8689
3370
4899
6947
1307
9957
8479
4362
4513
4014
8173
3143
1738
2517
4957
8259
9497
2248
8510
2724
9372
2221
18
9181
5824
9175
7011
1279
6646
412
8718
7329
5748
6377
4435
4874
6694
4355
3060
3567
9629
2061
3878
166
880
2355
6909
9969
4754
8235
6816
4606
5585
9923
4457
7914
3121
8817
3863
7063
8077
145
6096
1757
9133
9645
358
7412
1009
3747
3000
6746
8849
9679
1904
1722
3329
55
9410
133
3635
9077
8054
5905
2872
1179
8576
9471
4023
4141
2856
3305
5367
437
8957
2777
4280
8341
6373
4997
3684
8536
9173
4022
6069
3183
5235
3151
592
3155
350
2207
4776
2471
2431
8671
2099
2373
4739
9730
9196
1823
8391
9606
9022
1211
8106
2719
2809
7867
3729
7880
2791
5191
4658
9155
2041
9121
5234
1625
9095
6032
3531
520
8747
1720
2126
4653
1808
5936
8886
4719
5630
167
4316
608
843
8967
1727
9221
9061
4255
5960
2152
4601
6706
5526
1192
931
119
1487
4606
718
5924
9945
5124
996
4407
6162
342
7698
6363
6292
7277
7826
2430
5674
4645
9721
9776
3880
4006
4112
3297
3530
3802
9401
1390
4221
1335
7132
6705
5631
6039
6848
4321
7690
7221
4857
8392
7284
961
3784
5797
6125
2449
855
9726
6201
1423
2700
4134
7818
4951
2256
829
6618
8257
162
2961
2199
2035
9066
1563
8080
8922
2570
7343
3326
6564
5052
8858
7476
3773
4175
7226
9253
9173
1703
2770
9690
7211
6241
3391
6321
9907
8483
2170
7961
5534
2959
1728
6201
9290
7217
5293
7201
6375
8782
6459
1540
2036
9249
9327
471
2439
4108
8918
9056
5048
6531
1292
609
2245
5275
3067
7794
6418
5984
1269
7049
3785
3069
6639
1627
1040
3387
8479
6158
8725
5284
4281
3715
2711
638
6748
3281
7231
6293
4727
5451
215
9167
2383
4643
619
9789
6696
2080
7589
728
9866
6878
8232
3738
7678
3062
1959
7453
2754
958
5780
9857
8870
9505
6079
4787
5685
2761
7492
6560
2277
4769
3793
2430
7952
1201
7554
9817
9957
4878
297
7424
1893
2184
3179
7258
8541
8412
7096
7555
1290
6314
2551
3015
6567
8287
7788
9197
4271
8774
3566
9204
8561
4720
6613
6023
8301
7938
5534
1849
5188
1818
787
632
9395
2607
7247
3240
435
8875
2151
6153
634
4485
4654
9132
9967
1396
2043
4204
475
5654
1073
9290
4936
389
7898
8516
1066
8736
514
9238
6488
7202
3622
2580
1645
9051
7739
6335
1948
3728
4689
1054
4738
2157
9128
2505
5328
7806
2317
507
8659
7172
923
5236
8761
2667
3720
2269
7108
9055
5379
6910
3123
319
143
7184
8425
7218
8144
6572
4917
8057
3131
2399
6483
9944
9905
7984
2495
6034
6391
3968
6068
4380
958
959
7180
5778
5217
2819
9348
8511
1293
3630
615
4005
831
3364
7792
6010
3530
8471
2927
5050
9605
6347
7493
8114
10
3183
8750
1312
3270
1109
7934
1390
9748
735
7655
9018
3711
1279
1051
9538
8827
9453
6126
8015
5106
6470
4290
8606
6344
8756
834
1545
7097
1682
4437
9302
3456
3292
3
7285
3484
4048
7914
9314
4774
5959
2548
1752
6598
5827
4593
1332
4072
1956
8094
6252
4339
7186
348
2299
948
1742
7676
5456
1749
1371
9380
232
1855
254
341
9480
5315
3386
9909
7171
9153
8419
4021
9019
4024
9831
4148
7200
1914
9370
3484
5079
6930
868
8178
3671
2105
4556
1937
9340
3916
765
1119
2697
8292
7610
4879
3578
3972
4699
6996
4246
2545
5360
8234
5024
6150
8332
7425
4902
7285
1256
1182
2652
2854
9274
7105
8132
2452
5847
1830
6928
3056
2280
5585
4684
53
8384
5710
8365
587
7293
9672
3012
215
8539
368
2663
9016
6837
7275
3527
9166
7359
7744
6126
7396
5581
7303
4038
2927
1719
9854
2462
5058
2355
9876
690
935
319
1481
726
8799
2542
4493
613
9165
7901
6456
3423
5977
2944
5964
300
2439
872
9400
4017
9017
5703
2136
5655
4866
8413
1710
6464
1065
4779
8212
9499
7911
6233
5557
8477
8674
9898
9633
1963
5230
745
9256
9093
1072
20
5246
3403
5648
1173
3963
8314
3955
5182
4604
6527
437
3029
3010
1810
5220
3776
4056
5255
7414
1571
2560
339
2687
1728
3341
7557
6185
2908
8471
7300
4452
4188
8975
1086
5200
8169
4195
5340
7528
7004
5885
6975
5614
5433
2816
6677
2285
865
2521
2739
7922
2761
2982
6885
2334
5440
1335
993
3191
4217
6949
8909
1146
361
4867
7613
7865
215
4822
5568
446
1171
7104
4761
7163
4796
6191
680
3736
402
2046
7528
2453
2432
9169
336
3879
5745
2450
2561
2783
5919
4518
4491
846
1861
718
171
3649
3859
4573
781
213
992
2796
8892
1369
9320
174
5733
3009
7321
9968
429
2118
664
2350
7492
9828
5378
6421
1755
2369
9354
4684
4482
482
8079
5220
4847
5837
2618
2094
2144
6828
1386
8427
8162
6235
2320
9955
8020
2408
4017
2170
8170
7649
9974
6491
3605
1810
5222
2406
2931
493
7864
4632
76
3153
7024
265
3098
9787
6528
350
6864
3547
4012
899
9366
5616
9698
6031
462
9902
4760
4212
9788
7930
8926
4913
3295
6413
7506
8536
8923
7178
5128
9878
4042
2709
3996
4051
6309
3164
9942
7816
7305
1983
896
3472
7675
8400
842
2997
7810
3250
4704
3910
7254
8528
3024
2297
3386
1693
1808
1608
2274
7373
2120
4430
6452
1332
2127
7510
7102
3590
8403
4715
50
5361
154
2293
9911
555
3933
7180
1645
6168
2660
1359
5401
8972
218
4981
7511
9032
7500
6708
2371
8477
2460
7965
8878
3068
3113
5387
6413
4673
9159
5257
8335
7573
2176
5733
6448
7530
9215
7155
6572
2776
5361
7562
1248
8315
165
4149
3900
4604
8303
6067
8800
378
8197
6255
380
7723
6754
5612
3089
2279
9199
3470
6818
9075
1659
297
7157
132
1493
9791
6168
5741
3330
1107
7913
427
866
2909
4035
1938
7055
4895
3410
8915
9256
8751
178
7469
6091
7978
9750
3006
7736
393
8092
8300
6207
7496
4758
3699
5672
2162
4932
6500
243
1921
2888
2358
9146
6684
5002
4781
6991
6041
553
2950
5875
2180
334
4157
2768
5466
1491
164
216
6899
3737
5395
9973
7430
2984
2035
4750
7379
2644
755
8836
4257
4799
1917
9304
18
2764
7586
1209
2045
2613
1144
787
1589
2135
1207
9868
2753
6784
701
3903
1123
9599
529
4826
5608
2957
1854
6921
7115
3494
1366
270
7907
6197
3540
9628
5944
8033
539
2414
1959
2722
662
2369
3002
4803
1613
3548
6784
5499
1694
7663
8426
6667
5391
8136
632
2427
6027
8092
959
6763
5089
7845
4045
4904
3283
9848
8255
8254
1209
2074
6965
9387
6615
9239
1230
7117
6749
577
7674
2367
9441
2144
4363
4279
8954
9047
2078
4911
295
4456
8273
9369
5747
9193
2530
2493
986
5929
7829
7959
3723
8523
6030
681
8370
7125
7552
209
9126
8909
9911
4929
7328
7843
6943
9367
7867
6773
4385
5860
4268
3487
7044
6022
9087
3238
6570
7250
132
2478
8373
2748
4360
903
1594
8275
3993
473
3456
6336
3171
129
1219
8885
1478
3462
569
9652
8300
1364
3889
2662
578
6591
9848
2806
7140
2683
4072
3458
3341
6528
8732
4944
7697
2430
3138
4515
4604
4432
1375
4377
1221
6777
5924
8444
3578
4450
968
931
1013
8783
5498
9720
2231
5909
2104
4897
2878
5737
694
6796
3667
9798
7009
760
755
8288
2964
2222
139
185
2628
1731
2302
4198
8266
6016
8279
2474
1109
2695
8848
8006
1217
912
9878
7187
1558
7543
9552
2013
5565
880
9896
9585
4064
2292
1976
2084
4599
7545
3528
1376
239
1502
66
9454
157
747
4806
962
476
531
2408
4493
4309
9010
659
6127
6150
55
1060
2887
4277
2735
4131
7761
4202
7553
8088
2848
5984
3800
3282
2160
9146
2252
1090
1214
4413
4658
1114
1667
7198
3427
1716
7349
583
1529
8646
2114
3098
7054
1781
6597
3592
3131
1181
6924
1057
624
1808
5434
9116
603
8669
8782
565
5233
9366
4718
5985
6696
9381
4105
4806
1920
2298
757
833
786
632
5003
6928
8114
7701
8375
7530
2229
1384
9692
1325
4716
5624
9705
3917
2755
5946
1970
5216
1076
7152
6202
6718
6843
4041
3155
4062
4036
728
5894
9855
3444
6828
7644
9669
6618
2973
1835
1805
8496
8707
5752
3308
3235
8987
2896
3819
5828
7668
5309
3966
4501
8462
2261
1684
2390
3051
1052
3850
9439
7335
878
8854
5293
894
673
5076
6985
669
7612
6683
5321
4519
1078
8411
9790
7370
8447
9260
922
6193
2344
7753
737
4415
7649
6551
2325
3582
1798
8894
5253
6342
5893
1623
7100
2092
3645
2055
3568
366
3940
639
1786
4797
1916
2626
1768
4658
3542
3357
2327
5656
195
9554
2570
8769
7898
8933
347
5939
1488
4653
3324
5551
3607
4602
5037
6621
8517
4342
3361
3022
8727
2657
4200
5708
7218
1399
4807
7042
3632
8521
196
7548
7607
9578
595
8436
1834
6174
5613
7461
7579
2404
8416
3668
4240
3116
3509
6175
5258
945
1081
5176
2663
3914
2828
2613
7647
6921
752
6270
1952
8949
6168
36
2234
3079
5677
9532
9407
397
5398
5353
9141
7959
3186
4982
4107
299
4373
2509
8073
5367
3582
3559
2844
6680
7930
5624
4527
3718
9305
8526
3487
4365
6456
2403
1538
8502
8596
3870
4138
1923
7448
4917
3943
3420
189
2309
4783
1076
6024
5550
6638
1232
6750
1225
8909
2347
7508
4717
4155
8529
627
9485
3797
6035
444
6503
8199
4219
7032
9649
4131
3026
2872
1433
1901
9330
6661
2792
2337
4755
4691
1689
8680
8025
8484
6189
8306
5091
3926
7793
8303
9917
6069
4641
9302
9864
8916
5851
7969
7724
7938
9428
3496
3142
2224
8787
7422
4431
4024
7233
4299
3921
7769
4277
515
4934
6436
5176
8393
4863
8750
8419
3751
9201
4215
7447
7574
4959
2053
5311
5812
3988
9401
4108
8907
5322
1978
5496
616
42
6485
6323
4594
4854
3693
5656
561
604
6734
5290
8942
4490
8291
7223
1346
9110
7195
2203
891
7070
8174
517
8597
7676
7908
1838
4292
2768
6098
5881
6464
2113
3312
8947
4040
5997
8172
5230
8892
7336
6840
9680
9278
6986
3581
7971
4783
2214
912
3431
1294
8543
347
7319
5744
9812
9308
1673
2520
1436
3969
4735
4029
2341
9239
245
3334
1852
131
6573
8295
2717
8792
886
6497
5716
1710
4835
1569
9968
1395
1968
6732
752
7936
2122
1972
337
2615
1563
9306
8343
2421
3057
2867
700
6953
799
3255
6304
6692
3688
987
6572
1208
1378
5236
3684
6585
3704
3224
8575
4258
4483
6078
5299
6122
1351
6979
8604
7186
1943
9548
1050
4074
2366
9985
7168
4916
8490
8001
2449
3659
4891
6798
3866
9936
5510
5240
9938
7074
8680
7957
8194
8885
2904
4318
735
4089
9368
3130
1661
7237
2196
506
9612
9705
4749
9115
4084
2233
6937
9184
3711
5851
8867
2220
676
4948
693
4376
815
3266
6856
3779
1295
1983
4470
3262
3959
9767
5582
5786
4159
9868
5927
7406
7771
5601
5000
3597
2343
6245
69
6642
6599
2667
1941
6369
1737
1198
3953
8859
4145
9851
3354
1166
1781
936
1260
7185
6479
6618
9789
292
1181
6161
4483
8382
8993
8516
439
1488
193
8751
6951
7440
6938
6268
1130
1249
835
3057
683
5027
1857
2433
3241
1837
6078
6450
6615
2677
8941
2798
7932
1581
6121
2330
8473
6822
1949
9270
4052
4611
2270
3510
6473
6838
4361
2236
6945
5464
9868
2045
2382
8066
6822
7442
5503
8320
7324
2109
7265
4863
9014
9416
8632
2885
7872
2309
8605
7275
5768
6837
2534
9485
7500
1010
6771
2160
7865
5908
6671
3468
5345
1044
6288
6944
6592
2406
813
4826
4052
7338
9622
7376
2667
7882
9184
8657
2025
3691
3240
201
7941
9272
480
3213
2572
9207
6495
3572
7599
2928
7690
3130
8811
1190
3516
4390
4891
1872
6246
8947
625
486
6364
9786
3068
2624
3376
1362
2502
1714
9395
3757
3415
2581
7443
9396
2217
7567
1266
7952
1061
5798
8879
5321
1730
3497
7787
3423
9570
6451
7558
3201
4495
6348
4247
4214
4995
8943
3643
6822
1732
1161
4612
2429
9504
6535
8268
8382
8666
240
8218
6229
3089
9959
3583
5984
7357
2079
6326
945
4912
6290
8600
3724
2488
430
6429
2659
1001
6374
5039
9323
8023
9181
4996
8561
3539
8802
6053
9979
6822
1253
9245
7588
1099
968
3752
8834
422
3310
2727
3921
3607
7418
9126
5007
2959
8319
3597
1559
1789
3764
4864
7020
9370
8845
9895
5542
1919
3535
5163
1697
2306
941
4067
126
3993
3948
1588
6200
2052
8652
8266
5577
6410
7559
7836
299
16
3479
6146
7061
2896
2813
269
3459
9884
9210
8980
3625
44
7626
7459
9532
5913
352
2862
2498
6193
1794
5511
514
8727
9519
1068
6567
9183
754
5649
5187
7391
2202
5484
9455
1416
4449
7018
6538
3196
2317
9356
4272
3430
9042
3831
7887
2718
7045
5007
7769
8876
5737
7271
1915
5090
8839
9700
9309
1582
2754
5005
7518
2244
7286
1166
1292
4444
1773
3511
455
9313
430
9355
3742
7464
779
7980
1985
102
7532
8720
4460
8307
716
9300
7513
7345
2401
3780
730
1293
6495
7030
1622
1382
3171
127
6723
5185
3608
3865
2799
8489
1298
8444
9229
6230
6843
8553
6443
2467
5692
8085
9205
3416
5167
5057
2458
5602
9225
6620
1211
9371
8580
527
5884
2686
6275
7492
2730
2262
5101
3380
1760
9169
3830
8316
6932
9240
7989
2149
3540
3209
5896
692
918
2916
2771
9383
7444
735
4888
7206
8522
993
764
7804
1495
4482
762
9279
2293
3851
4430
7124
2842
9624
3734
546
9665
6569
2951
4453
7376
6152
679
1503
6889
6140
1552
2334
6496
1304
1548
7946
322
2908
9325
5034
3168
4192
3448
4632
4434
554
4533
4937
2313
3077
6757
9228
3623
2035
2579
1990
7265
6739
8852
5965
2981
7899
606
3849
173
3840
3396
7435
736
4614
1806
2650
711
5976
4724
55
5771
9390
6283
5189
177
4003
9697
8056
8257
4891
5143
9501
8756
5856
464
6306
1454
7460
8640
4827
3436
2515
5304
6234
4803
8317
8715
2171
1938
466
4632
370
8122
7023
1063
5923
8412
4614
6364
606
5936
2228
9575
3262
5364
7588
1738
1889
6233
7513
7676
9617
6512
1158
9762
7842
3384
5901
3847
4773
3110
783
1001
6189
1450
2508
7346
3773
3145
4547
3515
5872
4300
6436
6843
7272
9876
397
2662
4476
3688
1419
657
2359
1821
9579
6565
8565
6151
5979
6918
8370
9779
4643
2001
9373
3701
1622
1859
9823
1238
6384
8565
7634
5138
3411
888
8393
2613
8138
7578
1427
1043
4861
9281
3763
3841
390
7226
75
1770
2963
1046
5391
665
3100
9764
3778
9812
7341
7642
7247
6896
7455
6333
117
1282
9178
1534
3180
8185
7494
2671
3157
6055
971
6606
6458
5336
2591
5315
4170
1993
4492
7781
7850
7152
1881
968
9139
9140
3029
2113
8611
1866
7932
862
1597
5844
5642
323
7713
4860
7300
2409
6790
4900
7902
3266
1048
9094
4719
495
8689
6740
680
7926
6388
616
6370
3690
7014
3946
8744
1298
4540
3689
5897
1849
7807
3350
4948
7473
7926
8295
281
1133
1176
7710
4289
9982
4374
9185
4199
7081
9550
8573
9679
2620
2910
8961
3540
3043
6540
1015
8527
392
590
6860
7218
7162
3134
4667
4505
6961
6164
1570
9475
5185
2677
8539
4710
5239
8026
366
7268
4477
6866
7474
2154
5374
8511
5310
1335
3049
798
6236
1831
8977
8817
8316
8089
141
7345
8526
8757
3019
3755
3491
8401
64
825
2241
7224
9951
6006
6082
2319
9349
6289
7000
6388
4122
2108
366
8115
2663
9141
1598
8623
3703
7247
9048
4454
1375
3067
9922
1063
1263
4410
7701
9365
2469
7196
4946
5729
5898
5173
4703
1985
6930
2816
7845
2763
7512
2538
1008
1792
4805
4250
3955
9238
4824
1826
9095
3556
2400
8469
8195
6206
5370
7110
4134
7628
2289
7997
36
1293
1117
1780
5945
1516
2095
3126
8206
8040
8088
1753
4146
1499
2093
2243
3959
4585
5578
6855
2266
6178
275
6851
3512
7490
6213
2262
281
8573
4687
5601
1464
3814
4580
153
6110
7665
1449
5858
436
3512
8746
3854
7994
2709
9664
9977
8060
9498
2499
4554
5919
8083
4706
3038
9561
8434
715
3826
4893
5380
6282
4872
6355
7108
84
1640
3488
3288
4754
6952
6078
6157
858
7217
2787
7357
7180
7786
4750
2137
7477
7378
3520
9367
2784
9903
5221
39
6119
304
8186
3923
9546
8226
2480
7321
8963
6572
2433
2773
8358
9066
3184
939
4262
6665
6683
8772
4900
28
3152
4840
8651
463
3361
1921
8195
6753
5777
6501
30
8970
6144
9945
5639
9788
6193
4257
7177
9024
2518
1216
6554
9461
4134
361
5399
523
1830
2641
7621
2546
9076
7381
7122
5996
8853
5845
3716
2567
4478
1716
8782
6581
7154
278
3719
2062
9877
8380
1733
7118
1747
8535
9761
5214
124
5000
7778
8592
5859
2766
6806
7565
5897
4870
963
2771
4318
997
8912
9648
798
5066
9971
1188
9976
8672
3355
6648
7573
7043
6656
3912
503
4863
8554
3564
2202
927
6446
1196
9398
7262
3404
9058
9244
8722
5568
9879
1475
2086
8694
4260
9219
6599
4034
9483
5096
6225
8178
53
2731
646
9713
2244
8506
4752
3462
1006
6242
3009
2141
7407
6342
1385
3948
6533
4645
2157
1881
6754
5334
5137
4188
2584
4279
8438
4480
6830
453
3999
2104
5013
3807
8880
8639
6086
4726
516
2387
1408
3946
1004
1741
6753
4604
7309
7281
8585
2133
730
1885
2397
1805
8927
9997
6425
8168
7624
8265
8679
3013
3874
7830
2044
4727
8103
7956
893
8363
3828
5107
1789
10000
1130
8646
9641
4053
4469
5709
2395
4070
4609
3156
5497
9481
4923
470
3714
263
767
7179
3276
7456
9045
3765
4034
5314
7232
9310
617
9228
8329
6708
6607
1276
5528
4610
4147
2668
8033
1488
5418
8311
6767
4546
7967
5289
324
2758
4648
3019
8013
1219
4993
333
6112
737
3629
2612
3193
5660
544
6955
6634
4353
17
6900
8780
8182
5497
5954
1494
8613
2837
2667
7536
163
9857
9573
4365
5476
1534
5329
8200
9843
148
8279
3078
1650
2530
6344
3336
4720
1039
6822
3019
3215
2670
4885
745
5516
8538
8155
7331
4249
6101
8752
9136
8298
8852
6461
8884
8613
7443
3714
5939
7922
617
7081
9465
9926
1226
4813
8975
1302
872
8511
1071
4295
3032
9515
751
8691
150
9363
9014
5779
7328
4343
5964
5703
4000
7720
9777
7955
5807
7981
6134
8506
1677
8553
1688
7054
4800
7498
6975
687
7185
8526
7995
7286
8650
6833
3098
9697
3088
3640
5227
8385
1626
8814
3268
8409
3956
3053
5074
6335
4376
2888
1185
9095
728
7343
6349
8081
3588
691
7362
4100
6353
6187
5581
598
8357
2111
3021
5793
1895
9720
7389
7928
4838
2300
7492
3919
5752
3265
3664
4671
6387
2461
7948
3349
5371
2887
857
4953
3483
894
9369
4542
1767
2084
9169
5803
1149
839
9424
8957
8846
5188
3046
7160
2528
4830
1995
3196
1650
9265
3960
3098
8562
2527
4394
8556
9670
6341
4577
3098
2853
508
6516
3317
4483
5443
4887
4007
9928
3706
7637
106
8883
9746
9148
7730
7446
9625
910
1340
805
3335
3198
1679
5162
4065
1978
7192
5108
9790
986
1082
9042
1578
6186
2059
115
6342
9271
8384
4704
7908
4290
9763
4590
732
5443
6732
7751
6223
7654
769
3325
5536
9489
3775
1216
2241
9862
4153
5604
156
4794
9880
7454
470
9487
519
7307
3184
8398
1610
7134
6052
4657
9229
6949
6892
8600
232
2282
6701
8779
7340
3613
3513
5251
5323
1242
8900
9197
8401
3537
7983
4716
4683
4975
5369
3983
7229
5966
3757
7171
5513
6113
406
7693
958
6633
1517
4422
5125
9779
3093
6139
5706
8451
2549
9318
8694
6721
8441
6710
8974
6448
9957
5585
6852
929
2917
2223
1450
7007
3738
9738
1210
2562
3298
4407
3667
2868
8689
2137
3862
9958
1835
4901
291
4002
7857
7477
9451
89
3330
6564
7825
1303
6489
508
1426
4064
485
642
6589
4240
5779
7942
9159
8344
1946
6360
6780
4349
2580
6237
9300
7952
9147
5323
386
6514
7005
6359
5494
8573
9777
4500
9064
56
2100
8042
1751
5858
7830
6383
2254
7889
6806
1058
2218
7318
9317
5455
1117
1270
3172
396
6932
7204
4350
1693
9741
5321
3446
4092
8717
1556
5582
3175
9408
5956
5944
39
4440
3399
5904
6450
6389
4216
6909
4812
2700
6168
8932
1300
2696
1611
1318
3603
2363
1696
7152
1967
9733
3464
5085
1652
7273
248
5123
7114
188
8023
4286
6676
7291
8128
3689
6026
5659
6260
420
3085
8696
5421
7124
4053
8048
3442
4451
9180
7339
3916
7028
3919
6743
5209
8253
3526
8676
6731
2429
8979
7773
5544
1157
5547
9137
2436
2011
4554
1897
9379
7258
1534
5838
7577
8695
7208
8544
5866
1429
9646
2077
9180
9096
5747
6399
8708
9435
8309
6496
811
8219
4700
5037
4722
7862
8625
8549
7434
2907
9928
5290
1736
1395
7821
2506
7482
8760
7305
4886
125
3687
663
2973
757
5723
5241
1778
6109
123
4843
1889
6578
1458
33
9766
1136
2058
1906
9015
9951
5404
4606
3156
1836
8679
6962
8653
6173
5760
9568
1166
7138
1903
547
3911
8444
6781
8227
8700
9578
1326
5066
9806
7399
940
3875
8474
765
2035
3452
9045
3291
3031
9013
7763
3318
4424
3950
1953
8362
6187
8677
9742
6185
4188
2025
9780
3348
7119
713
2303
5391
2261
431
6032
5164
2721
7543
817
4854
7889
6251
2984
3651
7279
3485
5132
9792
828
7418
1362
6834
117
2487
2646
5930
4178
9056
9019
1477
7129
5973
3967
588
1102
6280
3394
7631
6796
9959
1237
9146
8603
5118
7757
711
1228
2858
7281
7288
7855
5334
6547
772
1530
9550
2749
3191
1756
6632
5592
929
7516
6118
8848
2754
3284
8693
9852
2469
631
569
6731
97
7849
5475
7997
1630
7821
6907
1282
8717
8946
3791
7708
4662
5974
5571
200
8244
7375
6994
2407
552
6105
8708
577
471
9309
1693
2365
1109
5929
6437
3998
4562
3255
8283
6147
8653
4034
2136
8352
5544
9933
9820
1877
5689
3342
4298
9584
823
594
892
2128
8254
9611
876
3310
3660
8709
8754
2298
6628
8160
9589
4557
5865
3443
3119
9239
9680
8307
744
1
3988
8592
8916
3156
5185
4815
1222
3796
9983
7119
8182
3515
3071
5773
9032
8203
3905
9472
3979
4428
9751
9334
8948
2300
4668
6566
2262
9037
2974
6180
2169
1280
7441
4375
203
1497
357
5016
1120
605
4765
243
9752
362
7060
2805
686
5505
3125
4644
7067
9034
516
5605
7864
4584
8594
4915
9262
319
725
4020
7864
6130
747
3487
2236
1461
1408
3426
1851
3626
5056
7236
2962
2769
7837
8783
1503
1127
6816
4183
6168
898
6067
1364
9377
7146
544
6128
4236
8009
6726
2081
2846
5488
8208
1743
8601
7960
6447
622
8821
9579
4944
5724
1459
4770
7161
5955
6788
7577
3257
7646
8199
5656
5888
1064
7752
7987
6445
4439
9974
45
4542
7453
365
869
9546
6588
3780
6437
9079
1765
5225
6393
4649
2934
6088
9448
6913
3988
1650
9606
3919
3189
459
8534
6911
9228
5909
8280
6647
7897
7943
156
681
2670
109
5484
1293
4376
117
3247
7158
7152
8103
386
6374
1251
1980
4500
5903
1779
8939
1294
8728
710
5910
1793
6147
745
6127
143
4523
3529
32
5259
5411
657
1829
524
1300
9435
2357
811
5901
2135
6084
7598
4868
4891
7812
4417
5436
1618
9767
5467
3506
9364
887
5965
1693
9072
6945
5858
4799
9998
9811
1546
8034
7264
7177
7377
8169
9580
439
7147
5950
3940
2379
4435
823
2786
7847
7395
4314
6474
4861
8641
3278
9692
116
3541
5694
1218
9748
3198
9538
7869
8607
6363
7201
7251
5377
7
4212
3931
3825
8488
4861
6990
1185
3979
3926
1822
13
3522
3757
6198
3096
2325
4132
1412
6819
7823
4335
2037
1086
5445
1855
5326
545
690
9732
3134
7403
6762
8521
2174
1469
3226
5646
8578
8874
6855
9208
7988
881
7691
8690
7004
1438
7083
5290
4061
9523
6085
8567
8446
8541
8995
3508
7131
9882
927
2566
6483
985
4453
6258
8352
3951
6336
6416
2670
9748
168
6834
3669
8023
7205
9134
1610
9367
8028
48
3435
3128
9203
6161
8662
4863
5745
6216
6131
1452
4753
2933
8695
4625
4492
5411
3267
9690
6314
704
1169
638
6442
8749
3968
6771
8247
1747
3517
9594
5540
2556
543
9858
6704
2249
3457
1678
5071
6508
9401
3925
1016
5031
8121
9079
9795
490
3103
4170
7847
5159
8661
6349
6673
4292
4218
4937
3700
109
4773
405
6666
2653
1790
5279
1259
5755
2411
2904
815
9125
569
7885
5142
8704
3900
389
184
2704
527
5048
1643
2976
7731
3117
7028
1283
5627
8242
5135
6102
1220
7853
6229
3812
1750
1872
5179
9595
2237
4934
6715
2516
2958
7382
1323
8671
674
6159
3136
5627
5278
6012
1577
6929
8816
8966
7611
3766
1441
4162
2282
4453
6128
1041
9018
9705
2355
7468
933
8056
8500
9038
2463
4116
1749
3178
44
8945
2683
1058
7572
255
3260
5773
6212
5710
2518
1844
5270
1547
8139
7286
4874
1400
680
8339
9745
9284
5821
8986
9582
370
8722
5997
9756
6615
5616
1960
7478
962
3063
7483
6544
3510
8032
7043
4024
8189
2215
1157
2819
6673
5578
9925
9008
4775
7634
3557
3500
9670
6325
8019
3799
7170
2557
3311
6337
167
2077
862
5546
2633
125
7042
912
8824
8041
62
7337
1766
4378
1242
7236
9238
930
5224
889
7456
3513
5667
6355
7923
7487
4892
9662
6915
3029
4344
7089
3951
296
4857
3991
7429
3388
5823
6903
8534
2241
5668
4591
1981
1195
7067
4821
9320
7718
8886
9922
7667
8756
1378
4566
6297
1433
2023
2430
6615
198
4794
9158
6943
2817
2055
2683
4080
7756
1105
3478
1640
3226
5273
9146
897
1461
2843
2811
763
2203
7695
3618
4130
8647
3258
2427
629
8260
5501
3964
1962
346
7654
5207
577
7087
198
76
1145
1996
9880
9942
4528
2377
6119
8260
8755
1976
538
150
2326
146
6227
2908
2854
6426
5898
1343
8333
9948
6650
4261
9876
743
7782
663
3570
7092
9972
4655
855
6837
9237
2993
9248
4930
8557
2944
1589
5598
7709
4238
4118
663
5638
2456
9494
8721
1487
9650
7974
2748
5829
7649
7650
616
3480
1540
