5915
3599
4031
9470
5399
6090
5101
4259
7793
7531
5328
9935
393
9506
1940
2936
2008
7770
3332
7690
4760
3211
208
5008
8211
2082
3186
9168
9009
5961
9328
8794
4628
1900
5018
5498
9390
5688
8916
3917
3353
1796
1154
9174
9093
3404
7427
6160
2963
2983
9283
3865
8527
6770
7607
4321
301
447
8381
426
6436
5347
5237
8973
2390
1582
2057
8955
7395
3454
3785
416
8642
1598
7790
2611
2698
1214
8507
9104
1022
8310
7529
1768
4868
5662
829
9161
984
4589
9597
1124
8453
324
8712
3278
2068
3488
262
4065
7762
2414
9674
5016
784
2364
4679
3010
2795
3856
21
2724
1836
4490
1660
1244
5074
7849
4267
9386
6095
7206
1109
9726
5621
2
3092
6711
6570
6746
6566
4582
6217
9959
6359
8818
1081
6306
5225
7391
7626
8036
3783
6040
5050
6841
8839
3417
748
4246
8762
9803
408
3498
6024
1792
5269
2558
6995
6645
6923
1826
6901
205
1164
4913
4473
3040
8814
8756
9753
2854
1323
7778
5855
9225
1712
5873
1450
1250
4333
577
7208
7643
5123
4262
3365
3719
5548
2263
8571
3525
4027
4871
4550
7471
2320
1383
4315
2824
4125
5764
150
8328
1045
585
9330
2837
9567
8368
7664
992
5779
7281
3649
9103
4592
4310
3091
4378
9290
6856
2078
7767
601
3608
442
5029
3968
5541
8066
4334
8956
3228
7225
3312
9446
9755
6372
5643
3370
6914
1087
3901
5589
7480
4737
6766
9326
6225
1782
9764
1281
1881
7594
228
4457
5585
7876
7855
5458
8328
5051
9661
9378
773
9580
4938
2163
1256
8883
6296
1106
1416
8007
1664
9027
6198
993
1234
2995
7025
3677
2274
7366
8826
5802
4295
407
8693
8769
3400
3197
4482
7365
2329
4940
4122
8004
2610
1419
4858
4839
7298
5197
802
6145
2925
4270
8005
2082
1892
9353
2047
8190
2391
296
9211
6414
619
7258
8049
8522
4462
273
7770
3930
9394
6579
4430
8406
6798
2270
5128
7135
6214
9546
4266
9918
7519
4602
6453
3146
3558
6983
216
2670
166
2757
715
3735
535
8051
4859
9899
9949
2797
1101
7442
1773
4889
4080
9579
6046
1511
3035
5870
128
1921
5036
1061
8045
1853
8125
1280
8911
8647
1035
8930
9445
2252
2739
2211
2140
2697
1372
4176
9866
7073
6288
6256
5328
3657
5851
763
7411
9200
4955
19
3887
3253
5058
2075
7163
8803
8237
2016
7556
4291
5648
5670
1601
1768
1780
9353
1611
7023
4270
3069
2939
7585
95
6378
4844
9560
7105
8182
5173
1414
2529
5946
4073
9755
3065
6914
7585
3167
4641
5662
3295
5211
914
1078
6637
7158
5188
5175
7146
6466
3387
6185
3093
111
7418
6860
4168
6302
4926
6027
9632
6883
9482
6337
5004
4840
1891
1716
1174
3920
1006
5712
7747
1358
2565
6803
5372
1390
8533
247
4039
4878
1703
4512
5030
4043
8896
1117
2430
7155
6363
6782
1695
2671
9353
7227
8958
6482
6080
4576
5823
48
7339
2144
368
8045
5641
4749
2587
9995
5835
7767
7872
2991
3320
6472
1096
2386
4052
3063
3007
2305
3019
7793
1506
4455
7895
1253
4654
4556
5832
2393
9882
2836
4444
4547
4149
391
8912
5974
4537
7296
523
3104
8515
2447
7240
4581
224
7503
9742
3171
2498
5159
9932
9708
7359
482
6456
6213
2638
3073
9962
9620
8255
9360
8527
936
3831
9888
63
304
8057
4529
2422
9018
8114
6633
8026
5750
5653
4317
9266
419
363
4978
2193
4844
1356
9992
4026
7550
8322
2304
3571
7967
8809
831
7343
4009
1095
5441
215
342
9729
4054
5078
1688
235
9121
2665
4142
9436
8685
7979
7444
6106
2975
489
5784
1926
9918
1760
7438
5358
9136
9716
1509
2141
5239
8195
1719
6428
7225
8397
2580
861
1581
3286
2296
4925
5969
8246
605
2604
2020
1662
1164
6967
9121
352
9656
7874
9156
6718
2650
5354
5027
9224
779
21
2142
2002
4832
3910
9654
5513
3943
8721
5147
5098
6725
7084
7372
2933
6600
3353
4930
405
4889
9737
1327
3860
310
619
9275
5967
2440
8325
560
77
8101
534
6083
6396
8271
4205
9562
3259
3892
3697
7563
8471
2676
727
9743
4418
2265
7708
571
7023
9983
3885
2152
9494
2357
2089
1534
2985
523
557
2188
1084
5737
2974
7419
6911
9277
7307
9067
7880
7319
5113
5963
7812
4179
9080
3692
2299
7384
6544
4904
3104
7390
5164
2907
1144
5817
9367
3869
8423
6894
9510
9412
7132
1157
7564
62
6782
2182
5774
9735
6028
4571
412
7119
9647
5532
8274
7983
6619
2704
7635
879
9481
8166
171
4528
5818
1259
8461
5123
5082
9429
1778
9643
3033
9544
1604
5998
4766
3100
5581
7000
8332
8459
289
4416
2879
860
9645
2722
2255
943
8756
751
1691
6872
9038
9422
1369
2807
7567
8942
9828
910
4858
6580
3577
4975
1335
3698
2590
2559
7302
2141
1298
5975
8400
8956
6525
859
3197
4871
8585
7359
7263
1451
2348
5176
6573
7172
4824
9408
5522
8685
3924
3191
9166
5532
1472
8686
2959
7476
2079
3590
7689
5068
3471
9785
2829
9322
7119
3214
3169
4965
9489
3908
3466
6329
2695
3853
2549
1847
9946
4052
4069
8905
8322
4378
6575
6686
5687
215
8989
4716
1784
3642
3663
6897
1025
9264
5000
8734
3750
2511
7325
3806
1151
8506
8197
7982
5396
5676
800
9725
4787
5658
4612
6784
6599
9240
6714
6874
8673
4707
3897
3374
7598
1173
8477
2388
2812
5635
8144
8798
4210
2100
8884
8419
6251
1427
9298
3632
4957
3180
395
4436
5753
9605
3215
753
9237
8195
775
1316
4004
9133
7746
7881
7209
4244
7352
2965
3640
2315
7535
2821
7416
2266
8179
9113
173
7887
610
2097
3321
4555
1504
2052
5354
6486
7899
8111
3775
1240
4244
3319
676
8382
1631
9590
6752
7597
7383
2909
5201
4249
7916
5183
6746
3466
6320
9040
9608
36
6560
3703
1331
3445
2842
8755
5583
1448
9043
5498
7263
4425
3449
7678
2820
9624
3075
4524
4552
6936
5999
6581
7626
221
5206
9300
6520
8935
2316
4560
6739
832
5291
3008
1443
535
6637
7181
8157
6968
8294
1980
6550
8738
2324
6017
515
5657
4542
8625
1058
1347
424
4077
2580
2509
4513
9669
6872
1107
7644
1201
2587
852
4020
2156
3258
1747
9849
6364
536
5237
3814
3686
6053
6090
7398
1029
1079
9173
8567
5972
5668
2319
1217
8279
8256
1247
8269
1629
9185
8435
7636
7274
2297
5235
9679
8672
4734
4525
5696
6206
4721
2178
5950
7698
2554
9332
2578
5837
4991
8720
8148
6740
9840
9043
4241
2325
5985
1235
1550
428
6789
6853
2211
2067
301
2719
1154
1860
5171
8799
1782
83
7738
8551
4229
8882
9924
8846
9380
4615
2121
5287
2115
9259
9609
7511
4332
335
6610
6413
2948
7006
4696
9122
9670
5725
4617
1332
8266
844
1464
2451
6231
9024
8865
2409
6695
5217
5491
7587
398
7211
8456
3227
4843
4292
1582
9193
2790
781
7094
9117
5093
4412
4345
1197
161
4218
8766
5785
583
4781
8995
2874
8769
4151
7235
7013
924
4282
9363
5304
4458
9449
1922
5109
5162
8757
7549
5182
3228
1264
7583
2565
6062
1336
3919
5359
9153
8603
5286
7329
659
6254
2484
3388
4465
4026
9923
8435
8378
620
3001
2207
3765
8559
75
1686
1862
3872
4194
7658
4077
6022
6421
1368
427
223
3335
3636
8585
2935
3265
6595
2758
6913
3014
5787
1969
3728
2130
4004
9394
7515
166
5030
3656
8728
3564
8525
7182
2109
7430
3181
9990
187
6872
2125
1428
7133
3629
8207
880
3247
7276
1588
9547
8370
3588
6005
696
4263
6579
9213
6540
2396
4634
3129
6680
6253
4726
4020
3303
6402
2076
6257
8067
2472
255
7258
7647
3261
2797
1055
1864
1624
5452
9880
831
2653
1713
1877
6939
2599
5029
2437
8619
2334
1969
4748
7735
7877
8827
1451
7263
7588
5396
6788
8826
9643
8795
7914
2256
9931
4352
3324
6908
1253
5478
4773
3876
6209
205
2007
7146
4008
2470
2633
1386
7817
4770
1919
2710
9658
45
2461
4592
3300
4524
5150
7342
178
8073
173
1257
2945
6389
2148
1258
9417
8974
6873
8640
883
9731
1078
10
7482
9145
6661
8955
3683
6013
9169
2003
4838
5278
7208
3228
8617
6787
3176
1375
6382
595
9906
1846
5958
4461
9258
1116
1704
3563
3251
4585
5004
4436
6404
4058
7164
287
9364
4330
7036
3016
9826
5276
5952
7365
5901
5587
6084
9701
7628
3949
6734
1757
655
5496
7758
4675
2647
1787
937
477
7879
545
1169
4220
3494
2951
1542
2870
9581
5425
7935
9633
7456
6637
8309
2664
4971
830
5567
9722
6337
6140
9623
5826
4042
4851
2024
4848
8952
5519
8571
3853
1135
8328
9175
72
1016
8365
7397
6166
9707
6785
7137
7239
2886
8106
8786
9006
7010
6159
8920
3991
3882
4844
5818
2071
2329
3153
6151
1633
2048
6941
146
3285
8942
7224
9072
8732
4168
7565
4530
4403
3797
7618
2312
3100
3568
6210
6738
8451
3139
8804
2973
265
5065
9912
2255
6430
9148
8650
2491
3485
9277
973
2205
6152
9591
8179
3385
3535
736
3354
8759
5734
8954
6753
4818
1029
1476
4981
1251
9198
7239
9706
4235
1816
1235
9043
756
9888
3136
2202
1445
5973
1019
4597
7294
8578
3049
5945
8811
5308
9722
5192
8041
2107
4919
4383
9520
1217
1687
2067
1554
5246
3429
2371
6420
1986
4625
6838
8952
2447
4097
9144
4631
1103
9550
5312
8218
7817
771
5988
3299
5764
9135
7974
6680
1137
1892
4068
6293
5612
9157
1989
3821
1042
6786
7879
7783
8135
2178
870
3380
2007
2231
969
9744
7530
7553
924
8710
8648
3592
2128
6651
1826
3250
6799
9903
1184
5326
7788
5270
4950
9720
8888
7797
1476
4504
1759
7317
3786
4872
3201
6482
5524
365
9641
4857
537
4195
6202
518
4614
1389
700
3101
3249
9616
7676
8738
2245
6557
3683
1076
9488
3907
6930
4717
3620
772
1477
9912
345
2942
6957
8111
2375
9873
6030
8291
8115
3467
2729
6233
4558
495
4240
2511
6394
9788
3537
465
5834
8633
7790
6453
8219
4698
1434
7327
9908
1943
261
4484
3938
1324
2035
5537
9732
2615
639
2014
1874
2096
9202
2857
1536
3939
4251
3223
8002
5648
5911
2707
9757
4756
6984
1250
1816
5125
2112
5914
8477
6295
213
1935
7254
6198
4056
9400
8198
2498
4738
9691
1303
8163
6311
1767
1264
8681
1584
7792
3366
7794
7183
7125
3939
8973
8188
3405
7178
1291
5550
8610
5586
9674
6982
9873
1770
1926
2746
4163
2877
9776
9443
3829
8716
688
5591
1933
9790
9704
1673
4734
7560
1890
5623
7035
1181
7859
7424
6757
8186
7534
6554
8086
3611
2514
6465
6159
1114
9239
8871
7797
2473
4455
674
9251
7391
3933
2215
857
386
3465
3495
5977
445
1630
2714
4313
9453
3124
6618
70
4067
5729
3659
1854
2955
1945
6356
9589
5816
8505
4375
1829
6357
1631
7338
7418
3700
1839
4469
6070
546
9210
895
7570
114
4672
4471
16
3230
5205
494
597
5434
9487
2071
6111
3927
7865
6123
3781
6629
5642
8932
7478
3638
7803
3329
5746
3841
1943
8051
3175
720
4612
6521
5697
2642
9345
7711
2273
6826
2815
237
5041
6719
2678
8213
6594
7117
614
960
7192
7986
3305
1327
1126
5626
4565
2000
1876
1225
864
9384
374
1042
2698
4
7765
8892
7401
9968
4756
7306
3067
279
7825
5935
6746
7865
5519
2678
4204
9200
1582
2049
6858
5077
531
8061
4177
5023
3922
9378
3198
3332
1717
5939
7884
9247
2410
2693
8845
6830
6987
9277
9613
6898
9761
9853
4874
3383
7615
9362
3797
2727
1618
4822
8959
9089
9465
5907
6172
2714
8478
1530
7729
4493
2935
3501
2979
6456
9191
6269
1405
3579
887
419
8758
1289
9834
8685
3994
7070
3632
5440
9526
832
7838
9560
1959
3573
6858
7877
4195
4905
1897
6949
7924
4743
4302
3451
5508
9930
1843
2053
1171
8990
5116
2924
6295
4562
5466
3395
6751
4994
9131
2036
8984
5046
8275
3500
8737
2881
1449
6395
3753
3506
4699
7714
9219
1689
5669
1445
9530
7435
4436
3305
5101
5446
8184
1334
2334
5176
4679
188
7524
6079
2175
9549
6593
7749
5571
3488
2496
4767
721
8922
774
4343
7755
4439
9261
2931
3018
678
8152
6898
1855
550
7480
5352
9843
4398
9775
3479
5349
7639
8832
3130
7877
1172
3143
1417
427
145
6039
7431
1783
1827
3521
9136
6438
5478
4027
8260
1350
4312
8909
3812
1443
7539
244
256
6063
8908
7120
7049
9240
9580
1686
2286
1766
4256
2053
2594
6666
2631
9740
1148
4145
1382
9333
1558
1394
2684
9625
1700
1892
8350
4071
1382
6635
1553
9202
4930
4918
462
3073
3891
5007
8847
5717
260
48
5634
9808
7858
4529
9978
9415
3608
8808
7596
8001
388
9137
664
2214
586
9922
5917
2486
8492
5911
2714
5829
2497
680
623
8170
8411
722
7437
5987
1763
8668
3683
2284
8808
4070
7369
6116
5357
3568
311
6565
7127
4345
6419
9508
4162
8693
4286
818
7268
4972
4182
7631
5171
8303
2284
8107
1959
9109
2558
2497
3908
8360
7982
7016
1904
9185
3331
6134
4102
2931
9489
9853
6494
713
7463
5474
3713
1046
7767
3340
7366
1298
8622
6677
5315
1405
1362
4136
272
7095
9405
9916
9915
6432
1838
6380
3562
970
8297
62
9575
7696
8301
9318
1071
6971
3343
4786
9047
9860
8058
9423
1159
3100
8804
4959
8768
9780
3747
7269
978
837
4145
3113
1895
5863
3765
6818
1460
1204
8524
6477
5310
6799
40
7763
4749
186
6709
4174
3157
5515
9104
4049
7279
240
2132
4452
8739
7349
622
6561
8399
2144
5541
2982
3877
9600
763
1453
8861
1018
330
8694
6221
2116
925
4069
8965
9188
565
6612
2494
2391
80
1616
8270
5306
127
3654
1353
1154
3183
9410
9518
149
4553
228
417
4551
5480
1886
6795
3542
9892
1306
1198
5973
5788
1409
9114
6
9024
3590
1514
3048
1270
677
6040
1777
1746
6422
926
2655
3672
4837
2099
7477
9193
610
5328
3928
544
2314
6819
9108
5015
7484
5003
8125
6499
2058
6855
3612
2154
6494
5992
8633
4929
1064
8924
8357
1149
2537
8971
9962
7775
3824
8117
1995
5676
1280
2877
2830
6405
6182
5957
3780
6978
4142
5180
7718
4522
2922
7435
2972
9221
7161
5416
7486
8944
4249
7056
8512
135
6896
1414
5985
9637
5072
7402
2168
6616
3929
5525
2117
6437
9965
9584
3194
9820
4494
1954
731
9858
3929
7839
706
5225
5969
9692
5191
2017
825
6089
1703
8467
5360
4028
9321
6629
2836
4548
6102
7464
3237
8318
4343
2253
6950
3634
7029
1704
8033
8620
2068
1731
9051
7696
6617
9738
3391
1378
3855
4647
6534
327
2139
1850
7550
4175
974
632
6876
179
6342
7603
9434
2655
4939
2317
7796
7067
2977
348
930
4684
4524
9171
5050
8637
8289
4683
2851
9306
7132
9188
6022
5842
1887
9342
9920
4246
5996
8728
1216
5729
747
5661
987
6696
4875
8696
6083
8492
9969
1507
2739
4940
1217
4603
5950
9928
8371
8497
8466
7172
4600
6804
8120
8047
9885
8003
2392
9781
9651
4269
9424
7673
8596
4388
9490
5046
8844
2317
7033
1739
5136
8781
9764
5577
6850
6980
4755
6514
2780
9522
3913
3535
5347
8678
247
176
4570
4238
2690
3498
7188
5882
6586
3503
5338
4221
9477
635
195
2206
4136
518
1084
6774
5815
8028
948
9292
3542
3572
4996
186
8004
1633
1473
9423
558
2442
705
7006
4757
9118
2685
7406
9306
481
4349
7454
1529
1562
9936
9606
2609
2399
2602
4424
7827
5820
4205
4969
8941
583
5352
7848
3786
814
6769
2071
8107
5824
9600
4475
5762
9101
9917
1502
6265
4443
5336
286
2916
1953
4276
2729
745
7480
3583
9385
6407
8731
2866
2464
1348
4061
6450
2746
8449
2429
6057
9401
219
4346
6962
5614
9098
3720
9200
3299
2163
1725
823
3967
7512
3129
7800
6526
973
936
1644
1739
8424
28
9451
194
3840
8616
1963
22
2719
5030
572
6772
6960
169
5926
1465
3355
3447
2945
4071
8581
4038
2327
9082
5750
6029
3296
6607
1797
169
9291
6943
9259
5989
3721
2190
3871
7369
2988
2259
8271
4778
9104
6575
3321
512
6030
4300
93
7556
4958
2535
4532
2134
3935
8023
4507
4805
6086
678
4170
9371
2508
8720
9535
5790
2643
2803
5447
2166
2862
4596
3741
612
9921
3430
8866
8513
5043
4759
6779
6959
651
995
6456
6490
3957
1847
7929
6869
5224
3649
9256
2002
5603
212
3670
7494
7257
6765
4901
4326
2543
5649
1213
9292
828
4460
4742
6947
5787
3163
7613
7363
3047
3492
9052
6445
5297
1579
6267
8129
3510
4964
7844
4837
7649
9276
9389
8768
6010
249
8710
799
9234
3923
7391
2773
9698
9498
4578
5461
6062
7203
2846
5605
2062
5013
3492
3849
3538
2041
3768
3522
5236
2843
2373
3796
3491
3004
5346
8776
1210
4699
3656
5280
8150
8692
9828
1636
8254
8697
5080
9339
7979
9101
2941
2858
8822
729
1533
2209
2428
8545
7893
227
6637
932
2410
8720
6537
5059
7570
6767
8564
3870
8033
9225
7322
920
4768
338
2647
1320
9271
9116
6540
5005
2266
8969
4095
7614
79
1710
3902
3564
2408
3364
1969
7982
4296
5041
2155
38
8059
6157
1490
8221
9746
5119
1857
4133
9869
4336
9894
6764
6030
5673
5696
7070
7503
1509
7676
8904
864
1568
800
7915
1713
802
2396
8115
5542
9512
3031
7342
9957
3549
1710
8688
1251
283
1301
4417
7596
9447
2614
2876
3095
3262
2862
590
3593
7231
4823
1131
8922
3082
3897
9288
8260
2039
6329
9941
8372
5387
2893
9048
8840
8740
9042
8637
8532
1741
150
5690
6815
2285
2218
1433
9430
2273
7142
1773
1829
1741
8093
1434
4562
8654
3895
5046
7761
2201
5532
3884
5957
9855
1766
9656
9956
1705
2104
4026
6275
5634
8921
9519
4186
5192
8399
5890
5884
5430
1793
2346
9699
1913
3275
9771
1231
3630
7105
1947
8070
3645
6311
363
2365
2704
4851
8271
9003
4894
8010
5581
3455
5316
797
4977
6259
7334
2181
5894
9411
5897
560
8194
3864
6767
2283
9459
2926
868
5044
9117
5136
9791
4610
159
1506
6529
4795
2715
9991
5627
2910
6460
1353
921
7741
3501
4061
6874
1784
4673
3853
8565
9514
6032
4260
4106
4885
4662
4
9087
1476
9983
7821
3397
1835
4452
2192
596
2028
6352
7455
6491
9848
7952
8605
2850
1484
1562
791
3605
5739
7511
3110
1530
1656
5535
9039
6129
7303
3906
3409
1787
3021
5035
8963
3540
8582
2679
9754
6873
1724
5315
1684
90
778
2862
8959
2506
3935
6153
6034
4572
4886
8030
6771
3501
2261
2205
1893
591
2210
7212
3237
3693
535
8676
6875
69
6696
4105
3766
5744
5917
4587
1005
5014
1714
4139
4419
739
9868
5417
389
3577
5225
4973
4413
3604
4134
9730
1374
6850
4067
6967
6156
6899
5589
2788
8882
9646
5808
1746
5955
5566
6386
1050
820
1914
414
8644
6830
7715
1874
7124
4373
6301
8025
1687
4049
9560
7819
8489
5322
4901
3804
9769
1690
194
9538
8796
9912
9848
2865
4762
1429
4181
7864
6857
3748
265
1915
8456
5449
6522
3097
2834
7391
9571
1931
1264
7521
4206
9533
197
5874
7957
3348
2424
2162
4794
3850
4072
8266
2314
8765
9371
3050
361
9220
7225
1728
3241
1605
718
1943
4998
3997
785
4785
4656
8215
4893
7915
8156
3960
5615
3639
9431
4716
3070
1713
3402
7473
1273
8329
2803
1410
5594
6699
7020
6909
8164
8194
77
440
7897
6803
8652
698
2760
1385
4397
6064
1725
4525
6259
8451
6139
5129
1108
3774
4052
9903
5979
3216
4294
6059
1508
7173
1222
9722
124
2075
6991
8411
67
6314
2715
4936
4913
8429
5282
2642
7975
5512
6139
3605
596
8495
5891
8311
8251
7373
2566
4402
3872
1683
1258
9137
4954
9371
9915
7008
3805
5119
7332
5957
3977
9526
9316
935
5954
3157
763
180
1828
306
4097
577
3184
6799
1279
5921
3281
2264
7454
6108
8246
2334
6574
5759
8152
9057
3173
6134
9053
3319
218
3097
316
6580
8505
3616
2121
4253
3379
7690
6934
1910
4922
6246
3881
6972
5928
8952
3312
7360
6042
1247
4528
4427
7307
8287
6670
9351
188
2553
8332
5560
9289
1259
4098
4244
9925
8972
2789
3426
7615
1492
6536
4429
7077
9667
2755
2467
8899
7151
6191
20
9179
9627
1119
3311
6272
9093
9978
6693
4043
6265
210
9860
3959
7290
1720
1478
3003
1501
1060
6567
8414
9215
5097
2375
492
706
6506
6542
9171
9623
6296
2827
2704
2935
7687
8299
4772
2274
5421
6162
2913
5998
111
1780
3821
3615
8432
9429
5193
6207
5100
3529
7453
8669
5911
7873
6844
5819
8806
5267
5898
5866
3689
4662
1210
1975
2133
7324
9677
3613
1076
214
5369
6800
1722
9477
2206
7863
7518
8682
1324
2220
6373
8331
5152
2200
3731
883
2559
9637
1567
2952
2011
7975
6877
8040
1175
6137
1659
8251
3252
1261
6297
4468
9656
3474
7616
9539
9038
3686
2445
8217
2911
1367
9941
9177
868
1492
5167
5032
3254
9972
9771
8797
3137
6998
377
6135
3729
1613
286
9199
7860
1856
4127
6364
9974
6362
1248
682
9522
4781
3487
4576
4978
8096
6004
386
9917
2327
7491
5168
5342
5538
8257
1031
2782
5440
5425
2762
2653
1113
9358
3076
3383
3513
8232
2406
7835
2430
8144
1424
1085
4700
1351
430
4183
1895
8939
7207
9841
1857
7814
2339
4860
3754
8324
6905
5805
835
8046
1392
1951
5368
2254
1033
3207
1892
7940
6993
8750
5509
6115
9992
1159
7838
9108
4867
4326
3762
2871
5890
5070
5664
2601
2283
1435
7563
7976
2236
9367
2780
3214
4760
575
4987
2056
4317
4698
8734
294
5844
2825
6165
9167
1331
5635
136
2345
4472
746
1204
7681
40
3327
6817
7578
9474
4528
6324
6030
46
9515
3459
7266
8130
2396
8321
2600
404
2190
5539
2675
7993
6933
3195
6773
3575
5362
3274
713
8363
8000
6529
8795
7938
1913
6543
3538
1357
2691
3920
4809
3659
3690
2073
4986
1019
7232
4262
5537
3966
7029
5973
962
7206
367
7540
5283
471
6698
3932
979
886
5819
3330
4063
4743
7625
6171
862
8397
4162
8830
6159
4388
954
822
160
611
233
9064
1324
2416
8389
259
5660
1218
9520
3091
138
2532
9512
1077
8078
8420
8984
8955
1562
970
9293
3624
458
769
7056
613
2882
7994
9363
1133
8136
3524
2325
1347
6147
9885
5525
1041
6733
5475
8439
1136
833
8334
9358
347
8841
783
4888
3654
7836
8108
9605
2968
5603
1235
9778
2006
755
7055
2650
3505
52
103
5779
2195
3555
2562
44
5354
4321
3964
5927
3503
8872
9405
7338
5340
124
5672
2953
9385
2032
6391
3943
1240
9988
7550
4021
6291
9464
8473
1459
606
3993
7296
4766
7818
9105
6361
707
582
8899
310
9232
6546
3691
3532
1393
3426
4859
6769
1888
4000
1345
111
8343
1841
7570
1524
7376
6406
1680
8365
3910
5333
9860
1591
6337
485
659
2700
2708
2170
8487
3438
3213
2479
1910
5714
6916
646
7797
1662
2712
9488
928
5922
8024
9408
590
7170
9394
9118
2675
730
4193
459
2134
9580
5028
2073
857
736
281
158
5027
9771
2571
9708
772
6227
5558
2723
1537
8450
7242
5292
5839
7253
7101
4801
8582
1418
3583
7161
1025
1636
7890
8500
2305
496
6571
6019
2756
6623
4973
8366
539
3266
5608
6301
2426
7719
7075
6817
1424
9465
30
9106
5781
9361
2034
2360
9854
4558
7351
3692
7261
7316
8554
3609
968
819
1963
8985
8360
7482
8265
3532
3630
1036
7200
1537
4043
4464
4819
5613
2823
798
910
5931
1057
4530
844
2492
8187
5359
2902
2569
34
4061
6018
4002
886
8294
4425
3336
655
4992
6014
5215
3302
6887
7025
619
8758
5363
9793
2071
7802
1660
3255
7592
7396
5176
4665
3186
5351
6698
5970
412
2105
4614
2526
7658
5494
5599
954
3595
5264
2810
3048
3939
2058
1627
2769
8229
5098
7834
5398
1025
4150
6171
8756
7216
7400
1647
5795
9742
6997
6329
2698
3381
8018
513
537
9029
353
7633
1026
5028
8482
9260
7974
7764
9765
8618
7478
1583
4942
7813
252
5510
656
9457
5940
5430
4810
5250
5656
271
8937
5865
9718
775
5441
4818
2443
5745
5459
3420
3389
7528
7943
3920
9870
2267
1602
75
2228
9144
9170
2909
2922
5449
7569
7723
2092
2252
9710
7783
689
7003
5560
1607
4055
4035
1112
7811
1308
3773
6674
4035
6221
3204
2386
6899
5379
7450
6752
842
9298
5061
4122
750
8742
4692
1882
8797
6315
6810
3867
9976
3164
4460
2098
4166
7481
6236
3668
8352
6211
224
6684
9168
1461
6648
5979
8621
2092
6951
8404
4054
8477
994
7293
5063
5312
1288
6578
1849
6409
4964
2451
7561
7979
3607
8398
7365
8910
6854
5697
6522
7243
3455
2518
9838
2771
1069
8598
422
8709
177
940
7455
5602
3554
7237
6394
7964
1697
5677
6645
2476
2550
3271
5071
6646
5705
8035
8312
8990
8963
5464
7137
6317
3354
6262
5755
1973
591
6263
5346
7969
8101
2274
9069
3464
4807
827
3989
893
3760
1749
4795
1246
6650
6173
9589
1120
8042
6858
3610
2890
1915
7333
1625
1517
6999
2226
9957
5578
7203
7469
3319
9875
3652
7353
4218
3935
5144
1142
9554
7848
2692
7854
5055
1609
2115
6168
949
5026
2556
5949
3902
1043
6318
1971
8983
4141
1686
8668
3472
1439
9967
1872
2334
9618
3205
7040
5179
5930
9053
5942
6868
5186
9365
6344
5911
4672
4113
5443
9918
4797
5938
7879
2999
3062
8939
1207
2987
2165
6010
8556
5173
4147
1450
8318
7984
8251
1469
5990
2579
5880
914
1097
1691
4255
1152
9215
8994
306
6665
9863
4983
4116
6826
3216
9319
5639
9575
6634
4601
7035
3290
4947
3359
1598
7161
8896
9910
5585
2261
5800
560
1763
3099
8366
7209
4380
4339
931
7314
8078
6217
2876
1576
9178
2765
2748
7079
5614
2436
9566
3172
4043
4865
9243
7613
5185
1031
2901
4599
5040
3034
9645
7794
1529
5164
6043
9741
2227
4291
7208
8815
1831
6248
7570
5594
1200
818
1086
94
609
3823
6168
6042
8417
6771
4819
7024
2920
1691
7619
2948
3585
7994
1818
8703
5833
1600
3303
2967
8982
3814
1920
9577
3053
8728
9629
703
5611
5790
5006
4515
1657
8729
6750
8009
1267
8952
5117
6463
8269
352
8229
5976
7066
8468
407
4242
458
9836
8129
1520
315
3975
9270
6639
7920
3555
2228
4373
8780
8863
4521
3418
658
1195
8105
9630
4988
2890
8542
2793
2501
7413
96
7535
6627
6114
5851
3260
7278
9962
6875
3396
9543
6811
3456
9309
1472
8348
85
5381
4140
335
9340
2808
5629
3713
2879
9014
9337
3947
655
2038
6000
1317
3719
3941
2812
2936
4082
6041
7819
5492
2817
2990
6383
9181
943
5407
7719
5175
5844
214
5694
2550
8071
4737
8822
3783
8047
5825
3344
870
6164
2930
3017
1953
9374
2283
905
5525
8661
7098
6406
220
9256
6663
2000
660
429
9373
9989
7962
970
8876
275
1743
9127
1177
1185
1067
3120
3159
287
5040
493
8394
2765
1461
1205
7558
989
5497
1002
9554
8494
5545
4119
4290
4359
4471
2808
3866
5356
5650
3977
9927
1790
9065
6242
1882
8911
8111
6979
8697
3348
3551
2393
9537
6945
5682
9872
7131
7114
7222
2924
8661
1383
6236
934
7715
7155
4126
8774
430
2968
6935
7597
5399
4221
5923
1614
7175
8185
1418
4768
4678
5968
3131
8139
5005
6323
5146
385
7729
3709
9352
3980
2860
3404
657
4266
4106
9349
776
5873
5909
9839
1972
2454
7693
5814
1964
2601
9621
6902
4521
3436
8734
1440
1125
9006
5968
2846
7824
8024
2518
7701
5556
2826
3196
6830
61
3286
5103
9338
2247
7121
6822
4736
8204
8192
6580
5347
2305
9127
9558
764
9300
3528
8363
7358
3425
825
9138
4051
4170
2910
5203
3245
7724
5930
6613
6390
1372
2463
702
2538
9547
700
9538
5868
8756
1459
2605
8146
8336
2824
4162
23
8309
3138
8224
8656
4744
5187
8152
6939
952
5657
6754
2424
3244
2267
2320
5500
6099
7682
8090
4331
5597
3220
5208
2036
4883
6141
7100
3858
405
4321
6140
8984
1367
5388
6243
861
4875
397
5500
9105
4524
6675
8623
3214
8473
640
9402
2756
6025
3325
4254
768
4446
2351
121
4401
2494
2336
8092
8436
9335
8234
9920
2262
8748
9544
8588
5361
9057
6602
9220
8229
1390
1714
4234
4698
4751
6384
521
8738
6133
9970
7406
9664
806
7408
7077
7590
9286
8980
6293
7479
2512
868
8635
8018
5529
2927
6238
5176
3473
8029
496
4710
5127
7585
1249
2241
4259
734
7076
9440
6579
9348
861
7504
428
2423
6722
5081
2516
8468
9704
8468
1446
3678
6743
4668
3346
8897
5188
2365
5157
6314
4706
1430
7593
1814
9122
4543
194
9878
7483
4751
9199
4027
7735
1749
212
1611
7362
5701
4105
2810
7297
7277
2362
8156
6346
1556
7185
1528
9586
5903
4533
3673
632
2127
3569
2389
2584
1999
4579
9670
9191
2342
8464
2
496
29
1234
5452
4422
9909
4653
3609
7789
5406
2406
1498
635
6340
9379
9481
160
8210
4337
6571
612
4533
7629
9556
3203
2904
2427
2413
909
1652
3015
1568
7361
321
1112
7608
9812
8494
9619
5328
1630
2807
9040
7784
7498
2598
1947
8557
3138
7755
9577
6607
7616
7028
1562
1141
8998
8433
9465
8883
2046
6648
605
2099
2327
4710
5404
3904
414
3754
4831
3083
5582
5604
8835
6335
5441
323
6059
5270
7458
4657
3257
586
4586
1407
568
318
9268
5973
8418
5191
482
3082
3870
4024
4071
9746
789
89
5331
1822
3885
2496
4809
8163
1413
4357
8266
5755
534
9217
7809
2116
8820
6040
7717
4643
5748
2572
5716
9285
3499
5049
8006
4409
7296
9834
9944
4292
2150
2454
9854
5331
963
848
7450
9002
7467
6374
4249
8438
4740
563
5287
9987
5723
877
9196
9515
9913
2577
7983
8960
9552
6510
3403
2205
5827
498
2948
4377
8665
5433
7650
8061
5800
1948
5007
6166
1585
1709
4913
7524
5620
283
9442
9708
5585
982
6832
2706
130
8222
8509
9446
396
4901
2058
1195
1267
8647
3415
1376
2831
2944
5032
9703
6107
3573
9872
8865
6457
9660
6443
775
784
4626
685
9393
5600
7086
9285
240
3468
1282
692
4253
7510
1285
9744
4517
388
7393
3250
4697
9214
4288
1137
54
6106
7255
8334
9435
3653
6773
1625
1152
3918
7873
8771
1856
1792
9212
5286
5982
216
9930
7127
632
5294
1343
5891
44
5986
6047
215
5977
4843
189
5700
9693
8311
1321
6544
4910
3360
5999
7652
2258
1202
4653
6204
374
1034
2028
5081
2913
7993
3464
994
4576
7545
9401
5136
233
7435
5309
70
8172
1398
7893
5041
457
6917
7180
8052
276
9583
3683
533
134
8264
6646
1743
5289
1070
2205
4926
2071
6850
5587
7898
192
3896
4495
6554
2611
9404
1799
404
7427
8293
1157
3150
6219
287
5104
8349
7330
1333
759
1026
3345
3621
8869
8382
2823
2892
5984
4932
950
6253
2730
7462
2605
668
2976
9451
4668
9759
4755
2027
4688
2233
2851
2998
4638
4751
7942
650
360
3767
3305
5325
3161
5848
3688
9430
4491
3740
3687
4529
7132
9212
9175
4817
3101
5016
5934
4822
9898
5985
6919
6758
5121
7713
2248
4496
7412
7890
5165
2108
3485
6421
2519
5598
6048
5793
8250
669
4366
1833
9283
5456
268
3579
41
6008
6795
9581
7334
3679
8053
5545
732
1058
1568
6781
2869
9986
2970
9178
2199
7874
2570
1502
8764
8254
9839
5853
1129
7680
3424
2618
541
6631
8913
3554
449
384
5880
3594
3062
5570
2190
9418
1109
2061
1848
430
8294
3513
4464
9434
9488
6223
3722
8625
7848
4136
2014
8938
3097
177
7848
6097
8287
6386
2784
7258
7678
8194
6368
7318
4353
6734
5142
3367
895
4339
314
5173
2503
7799
8783
5651
6920
6282
3554
4411
6701
8459
1658
6487
374
9067
2934
9462
4677
1178
4151
5924
3721
9568
3319
4020
9422
3199
883
1447
7134
4001
8646
5882
5733
2852
2261
3162
9059
9492
2583
8934
536
2441
9732
8060
1998
7530
9269
5177
1891
9732
23
6310
3762
8911
8296
3177
6051
2600
8975
3056
824
1023
9335
6256
7854
2155
5768
3708
4978
2730
2763
9099
2260
69
8014
509
4217
2846
4083
736
2685
5644
6556
8563
3993
7626
6069
6688
2958
7796
7144
4525
2718
6383
4226
423
8631
5454
2004
4652
6084
8242
8834
4177
7274
8644
2776
557
2565
4652
2197
117
9635
3891
1873
8668
7908
1779
7977
7108
6336
6109
2061
9036
9033
5582
686
5619
311
3872
6445
5661
1810
7112
6244
207
2095
6944
1102
936
5458
4164
2400
247
8996
7314
7627
7770
5441
7248
4373
4786
1293
1726
4979
1113
4533
4345
8792
5975
4190
6888
742
9487
7247
8720
1671
6121
7735
8242
3788
3160
9224
2590
8721
5531
4832
5550
7611
6358
1517
7433
7990
8811
8812
5852
5480
1366
3795
2206
7919
6692
8297
5160
3495
6153
6499
6654
4628
3888
9954
3280
6723
5458
9426
5243
2555
7344
4055
1792
6961
5890
1169
5526
6394
2114
5558
4648
4520
2061
2626
4730
879
1534
5332
7761
2643
3066
8389
7777
5867
2817
2603
24
1247
2129
5643
7329
4069
4443
4808
9725
5919
2556
8419
9172
539
6756
6137
4515
1495
233
4588
1325
3746
6410
9536
5704
4549
3383
9346
3488
9772
8417
6956
8402
6579
2258
4664
5404
1117
8521
8857
7901
5321
3282
9927
7788
6628
8213
6026
698
1292
3501
6338
7632
6877
8292
336
5732
2793
7913
1510
2744
4221
6792
7283
8705
2374
1715
3932
6525
3102
268
7878
6128
5294
801
1078
6296
6293
2193
4298
6770
4800
8428
6478
7330
8471
5414
1026
5304
8347
698
867
7415
4298
3731
7058
2137
8058
3551
7764
3839
4429
8536
3566
5449
7109
203
8864
3829
8677
9412
5359
5150
1865
9436
7579
1762
8959
9195
43
7039
9708
6737
4373
2765
8668
1768
3971
3463
812
4109
3789
9583
3532
6947
5929
6112
2455
3431
1611
7471
1799
4573
520
3231
5614
4348
8402
2013
9886
472
2421
6541
2465
4709
4645
1152
4388
203
7299
3291
159
2001
2874
7564
5566
6257
8181
8618
2485
8475
8028
615
3363
6501
3808
9351
2930
4565
5322
5737
2137
2194
1539
3032
5250
9268
6845
3112
6109
3746
4749
5989
6400
9570
4276
6178
1858
3170
5511
6552
3049
525
8842
7450
3127
6437
8893
9355
2626
3967
3586
6727
5611
1695
2628
1902
716
6
8486
3018
5178
5679
4017
6710
4039
951
4492
9766
2256
4423
3992
6510
7928
5442
6968
3305
4336
530
9424
6909
6870
1222
2934
2079
7451
862
7859
7137
9600
2133
4183
