6085
9160
7355
7942
8618
3726
556
3758
9858
2430
7538
4954
9686
1580
5705
5585
6924
4612
4557
6655
5775
469
2354
8924
7932
1660
3698
6861
256
3900
4409
3828
9528
9463
6827
8390
760
9306
5834
1971
538
9224
8145
8818
5874
1472
5058
9510
467
2566
8717
3890
7139
2056
6487
6294
5406
219
351
9708
2728
833
1257
7925
5800
400
8144
5138
3738
3305
738
3191
6702
3665
7932
7652
5024
1315
6622
5759
6791
5943
4415
5125
5882
9983
3304
1757
7876
1488
1311
5946
3860
5449
6734
2005
793
1773
4499
2117
7917
7435
8745
9727
7435
9228
4097
8133
1065
7985
535
150
4218
8877
411
7046
7559
9992
7130
78
1517
2683
2861
7517
9306
7841
5735
8798
3581
5693
2148
436
4611
3881
8142
9510
6647
2927
5672
281
593
5885
4809
1051
3742
6701
3816
7650
55
8926
2226
7858
668
8675
8658
8788
8608
8967
2839
3936
3837
6056
4061
1623
3194
9638
325
6782
2161
2275
1054
6416
9784
1990
6352
7228
5327
4853
4267
1433
2977
3301
658
564
6476
2949
2425
4578
7520
3327
7235
5629
9414
8585
7457
6333
6315
7679
10000
1677
5455
4833
7013
2
3977
2521
1519
3075
7354
5154
7331
2647
8170
3834
3894
9661
5812
3936
3786
5808
9687
1034
7153
7514
4329
6001
9798
8761
9786
2639
4897
2359
4345
2195
6819
5831
9473
1739
6369
6425
8985
7712
7197
5407
3195
2167
1997
491
9308
8467
7986
9426
6142
2064
7882
1497
8252
1930
5838
6851
1980
6419
8601
4609
5674
89
6392
8624
9989
3855
8845
9265
2593
8749
1090
8848
2644
2591
1782
6005
9232
7279
9330
6845
6310
5115
837
9476
8818
6219
9089
3401
6097
8867
8274
5695
6664
1494
4417
6646
8252
2851
9070
5934
1488
9143
3200
6014
2685
8101
2718
4321
2608
3394
2448
4207
3553
6270
3988
515
9110
3000
1748
8962
7638
8004
9702
1692
740
7004
9055
9458
4668
2763
7039
8801
9697
5141
4520
6164
3874
8976
7576
5658
1269
2360
1320
7699
8659
7647
4357
5452
4590
31
3384
5410
397
9553
8533
4891
9787
6447
3560
2224
7098
386
4741
5825
9156
8606
153
867
9534
2338
2336
1502
101
8352
267
2977
7034
2001
8262
309
8007
9639
9054
6833
5385
787
2094
1151
9036
60
5406
789
8973
8581
5720
1659
1954
8105
2953
4568
2300
4957
9127
6698
1182
7226
3513
2779
9729
1451
5313
5740
1702
5896
1767
8866
1328
7292
5984
1846
5929
288
5636
2798
8149
601
2200
179
4587
9259
6083
4922
9988
2843
8249
8663
3960
4778
6756
8245
621
7958
4056
7728
8634
5955
5219
8135
7013
5865
3146
9165
6653
3941
5489
8502
9980
1201
7135
256
5575
1923
6276
1068
4514
3019
2036
2141
7641
8994
5122
6375
6985
39
6199
3561
215
9931
3652
5222
7261
3300
2618
2756
1741
2355
2102
9864
4990
6456
6631
2595
3469
9380
4825
6477
3132
443
2604
7009
8487
4264
5762
5930
709
1537
6080
1878
3145
8995
5341
5878
3197
2829
9308
3856
9408
3174
3494
2866
9557
979
2918
285
3091
5303
7341
9783
2988
3111
3164
5750
278
2786
4113
3521
1636
4430
1471
5064
7150
9015
5325
162
2332
5278
4874
8315
1015
6515
3261
4361
7971
1889
6587
1915
4779
6197
6494
9178
4138
4776
5614
7737
505
9387
408
4299
5812
3421
6144
955
9988
3023
3463
4579
5056
7623
3429
1187
6923
2938
8552
3077
6234
3240
834
6125
4929
753
66
9812
6524
6201
2959
8085
7422
1902
5704
7060
5952
8717
1443
4696
2451
6031
1353
3534
2788
8738
911
5210
4820
6337
5101
7951
1319
3427
5694
3932
7550
3372
5905
5625
7893
5837
376
2483
3002
2881
3985
4330
1057
3375
2952
8398
5355
9059
2221
5168
9074
9660
4041
1549
6036
8326
1054
509
831
8166
3822
301
9671
2656
9049
4821
7692
6831
4815
1143
7669
3230
945
4916
2122
7742
123
7143
6433
9900
3561
1005
650
1902
5947
2186
7511
1569
273
2728
987
2275
9200
240
1232
89
1808
3112
3361
7100
3566
3175
3751
409
6876
4740
9418
3960
3359
9485
6683
5102
3741
2755
7440
5425
2692
4404
3936
5035
2353
139
716
7821
7196
5863
1131
3213
1697
192
6475
772
8626
6043
6143
8889
4858
5964
615
8785
931
3641
5574
8707
3313
2205
5508
3427
1303
8689
5271
7905
6458
8777
5512
6463
6244
2879
4185
4046
9173
6211
2091
1185
10000
6569
902
5295
3123
5113
4245
48
5074
8690
3397
3624
9632
4589
4425
2583
4725
319
948
1016
4968
753
1557
8631
1409
5861
8429
6623
3315
4301
1180
4054
3941
6577
5374
9932
7073
474
6108
2289
4829
5527
408
1887
1729
3495
5509
5048
2974
8023
5420
5537
8086
7973
8589
6478
2387
3182
8764
4177
4189
3914
2382
1861
9139
7225
7332
868
9131
9399
8750
7446
6049
2465
496
6994
293
6553
824
2443
4600
2382
9782
154
2351
2554
1985
574
8658
1455
2445
5937
9180
9826
9069
7538
5456
736
1536
7322
6794
7355
4287
4677
1648
3024
8390
4735
9109
8065
5448
2148
8686
7285
8806
2800
117
4734
1366
4392
2617
888
318
8761
3656
797
8123
9345
5499
7377
250
3252
1490
5404
441
6398
4892
3784
9431
3326
776
1588
4978
6153
7273
5775
8460
1271
7426
7107
7082
8690
4139
2956
8945
9391
8578
7948
9838
817
2967
8059
5123
5888
4276
5079
9467
7661
7674
3261
4559
373
6708
6713
1688
4397
2635
3920
4490
7413
761
6588
9938
8218
3369
340
6092
1601
6533
9797
9766
7054
8383
3287
2764
242
6689
3099
3085
4328
269
5151
8610
5305
9935
1417
5132
2495
384
6905
2897
4827
6022
9286
4414
9192
1746
1582
8969
32
4219
4473
8821
4125
1639
730
9782
955
1508
843
9571
5595
598
373
1610
7027
3433
7513
303
273
7932
8609
9233
6058
8961
2724
6916
7533
1898
4991
4355
701
5923
1215
4655
2754
8912
2533
7282
1838
4459
6845
7012
2212
6994
9947
6681
9718
9876
3
1865
9724
9677
2741
8797
1342
7263
1655
7921
1110
5058
712
834
7616
6925
1650
5255
8817
1024
1728
1474
7906
2808
2454
6218
593
1136
5454
2021
1276
1648
4523
1824
6419
4263
4616
4494
1978
3067
633
792
9462
6256
1091
8352
1878
2268
1873
6810
6372
8106
1525
5424
601
4852
5260
4801
1886
2052
2992
9321
3492
2567
1534
5607
8206
6601
5151
1960
6791
2913
5585
9215
3203
9761
9980
8861
3348
6463
3987
7385
4668
2321
7930
6863
7010
8614
6354
8369
1633
4492
7091
4798
9207
2105
28
5082
8200
4250
26
1074
9613
1956
1310
6594
5570
1211
7514
5757
6468
9981
7279
9735
2054
580
6806
2443
1318
6224
4944
1050
5142
5634
4538
3858
7520
5733
1344
5212
5567
2627
8287
5557
3697
1016
5376
3852
1227
1397
423
9439
4780
5039
2141
1899
3943
6125
6227
3739
436
3737
9121
8958
6847
1200
6076
5186
4441
698
1554
445
8880
8996
2192
3331
2149
8612
4376
6137
3318
6081
137
3168
2650
1340
8190
3768
9930
652
2189
4815
9067
5567
7885
2318
5404
9213
3530
9913
9859
4826
1821
7722
6421
6339
8970
6276
2418
3707
2193
5094
5919
5843
366
9353
6663
8520
9149
2098
9301
3935
4530
4450
7789
5356
5002
2652
8556
521
7493
3176
8300
8688
2616
2755
4199
5011
9395
2975
1547
640
1361
5162
8398
2282
1350
9143
7264
484
8433
7434
7764
3684
3459
7791
1443
4889
6417
8658
1307
7261
2293
566
3129
5572
8728
5821
7931
6709
573
4974
8463
2893
9139
9627
8317
8410
890
7601
2561
2696
7851
87
3598
8070
6066
5551
6066
4663
9214
1698
7861
1825
1233
6480
7888
6416
1879
7114
4748
8690
4930
466
5536
4858
4356
6004
2939
2308
8908
6937
9151
2730
2304
7215
3948
7843
7686
2575
6443
2233
823
8165
1473
3761
7134
1490
7192
2710
4384
956
2041
2505
5537
9795
4092
437
9017
9958
1594
4399
3394
7168
5312
104
9140
25
4225
7058
4282
9746
2316
7038
9145
8783
7306
9558
3058
1682
6665
5970
7363
934
7991
836
4177
9691
941
398
5039
6894
4925
6704
2379
1814
3740
7668
5421
2683
2507
5872
7599
2682
66
2065
638
3193
922
9452
6627
8188
5854
5092
41
5911
5595
2457
1638
5205
518
4415
4071
2296
6048
3401
6243
7582
9205
5909
6231
8950
680
8078
4875
4970
7570
2614
5323
6938
5314
8593
8196
5029
8425
8113
1179
6163
1724
9829
667
341
5913
7786
6613
1846
4102
6350
4608
8025
962
2199
1336
6211
6695
4859
1015
369
612
1501
2526
8352
1146
3195
902
6263
1755
9354
6032
8532
6692
2042
9631
4709
7679
3763
3753
4802
5332
4776
8548
4414
8867
3334
4333
2850
9009
817
8450
618
4490
6735
9083
930
2043
9029
779
7599
7987
3827
1042
6449
9785
6231
4461
5729
2142
7543
8256
4119
9758
8134
2120
2325
8479
8880
8140
6740
3175
8024
9558
8956
2940
2547
6704
4172
624
1702
6384
8538
9026
9183
8708
6557
2383
4312
539
8235
9522
6829
2036
5700
4764
9061
60
6321
9008
1399
5953
2973
3406
1717
7899
5508
7699
7622
5408
6551
3721
5270
6795
9307
2993
9402
2219
9423
8504
5817
3651
52
9688
7274
8527
2039
4408
6166
8405
7194
1393
7016
1606
7195
9407
9754
4262
9160
3045
8573
9227
8340
6427
1973
143
8300
4177
8438
9883
2611
4453
6234
8206
2115
8152
2468
6601
9256
4084
7850
5763
2767
2679
74
6961
798
7005
5723
6363
3020
4813
1970
6660
138
5531
6822
8571
3334
4172
2969
6602
3070
8215
553
5017
2606
1956
1960
1175
455
2234
9964
1018
9492
573
6920
1645
3943
9617
3244
5659
193
3948
512
7606
7497
3780
8734
5527
5657
8885
7618
5861
923
4669
9015
5366
1501
690
898
4543
6805
1824
4863
9846
5958
328
6235
7135
3867
5615
7497
779
3558
9693
5742
8754
2257
4031
3614
4555
4501
3516
5522
1247
6126
6397
2025
3686
8080
676
7363
566
7275
1353
5613
9182
8718
888
637
7819
3373
7551
6775
7182
3142
9522
4474
2304
7371
6529
38
5582
6453
3721
2749
5635
174
8467
16
9831
950
3021
423
6197
8469
2045
9750
2895
3706
9951
6486
5896
4751
7299
7340
8652
5655
7365
538
7298
2296
9454
3552
9474
5471
2146
7744
5103
7601
7554
5421
95
7149
3008
1350
521
1444
7622
547
8901
3083
2795
5152
7990
9903
5740
1153
5415
119
4588
7155
8856
299
1686
9790
6058
303
6090
1909
4350
9806
3160
7630
9390
9938
2452
1457
3860
4631
2938
7875
7090
1145
5181
5264
7168
1836
9449
1279
5
257
8894
9799
9489
5714
9215
8674
9314
4196
2968
1514
8368
4196
2902
7947
7609
8065
8142
4083
6587
8949
6364
5830
7195
321
7534
1126
3401
8106
3629
7831
6698
8595
8320
8964
3838
9753
4450
2498
6889
2452
2473
5498
229
8739
8940
9460
5593
3650
9677
4587
8619
6911
2167
2741
143
227
1000
7847
7674
4690
5218
7049
4523
8654
8
5639
6819
8494
6444
4962
4857
366
7211
8827
2200
4097
2501
4036
603
3012
3616
4479
5068
4067
6570
8428
6292
2777
9395
6230
1420
9781
1204
930
6212
1740
7398
402
1180
1245
8918
717
4794
7101
6424
8951
9977
1695
811
2117
3205
8117
2824
3174
1542
2464
1447
9393
6224
2013
4757
6205
4345
1074
4171
6266
8514
4008
779
1706
1905
3553
7338
3287
5158
8780
3457
6915
3425
4696
8580
8925
7732
5511
9482
8395
5236
7182
1121
6519
2692
5819
1793
449
8423
3814
4309
6308
5536
5349
4469
8472
5793
8799
9987
6486
9434
431
200
1916
9648
8675
372
5659
6928
4335
308
3317
337
9968
9792
8347
9539
4856
1643
2753
9509
3795
442
9346
8094
8175
8729
8111
6745
965
7412
6068
6192
7987
1408
152
8003
8418
9816
3122
6555
3568
3179
7427
3440
6300
1048
6905
6813
6820
2337
6090
828
6865
454
6165
7122
7870
715
9348
6902
1548
8442
9028
6922
1426
401
41
9510
1548
5827
4475
3454
1937
3343
2088
7236
8677
9101
337
4993
5930
773
2686
2309
6485
8343
6119
5015
8500
2199
6701
5134
1296
659
718
228
5310
4131
6921
9964
5745
6896
310
9790
1970
6960
705
2541
6461
2820
5270
9213
3077
6157
7009
318
4565
6672
1255
5750
9224
6326
8124
7690
7608
3323
3726
2053
956
5471
729
2835
3752
4508
3437
2329
1764
8974
5170
9824
6122
9820
76
9360
7432
7535
6947
1552
8828
9287
7451
5981
8557
1294
1228
4016
4931
7719
1311
9327
6428
159
3570
7559
2648
735
244
118
8561
3080
1373
6004
7791
1259
5329
1880
1511
6171
1658
7564
9251
1298
1814
2861
9728
8499
6990
7242
8174
7495
5811
748
8900
6719
1097
4100
5872
1600
4681
3791
6525
2942
9101
7879
8495
5648
9687
7537
3793
3558
3920
6529
8571
9738
7161
324
4986
590
9554
8811
7658
5132
7858
3694
1908
9365
8306
492
8279
8693
3065
7336
1055
7429
5381
7693
4499
9992
563
5595
5843
8612
1385
9372
978
8560
7744
8194
6122
5230
9199
8202
7066
4061
5028
6842
196
7796
9162
9959
5931
7309
4255
2329
2331
7777
2603
8200
721
2729
2527
4384
9472
7389
5096
974
3836
7356
4508
9233
6714
533
6377
5362
549
3283
3431
8398
1863
6786
3956
6258
8768
1540
4506
7395
9973
8260
6260
7461
4224
8625
9270
4486
1100
1028
8195
7698
2926
3052
3056
224
6247
4656
550
9712
8312
6154
3991
4290
2993
6982
6582
2339
9293
1423
4236
9903
5492
5613
1080
6311
3892
7057
4009
2665
2389
6033
9221
7946
8388
1485
3694
5345
7937
866
724
5545
5625
2634
4326
9604
9413
1395
8698
9376
5782
5749
1772
3081
9248
1290
3501
9820
9519
3207
2442
8361
1156
4909
6044
6740
8599
2593
229
6854
4819
9675
3320
2021
6116
335
9361
223
8883
9544
1785
5676
6089
8050
7541
5250
2744
7689
3965
7318
814
4578
6242
6782
2423
569
5499
1210
89
8265
1077
5847
6227
2787
5667
4025
1772
8236
3929
6038
1720
7337
8341
2092
6512
9363
1948
1386
1015
1158
61
5855
9883
8800
4356
1220
4765
5039
7597
6326
126
8657
2591
7330
9780
1584
9281
1121
8946
1735
9722
3643
5392
7300
2011
8102
829
6344
7095
1390
1787
6149
893
6851
8937
4385
1243
4656
8897
8603
6641
6978
9305
5635
4635
4754
4326
8208
2228
3854
9367
4703
5646
2523
1128
8815
3473
562
8006
7728
2918
5821
3262
6299
5849
8980
3194
4468
253
7068
294
5183
3669
3872
9706
3006
627
6136
4713
2196
6826
1423
4687
5906
671
6529
8858
5434
7206
8703
4342
4383
20
175
8044
1477
3730
4917
2087
8992
1592
6206
825
6951
9904
6214
7890
315
7247
885
6537
9109
233
7959
1325
1153
3882
1674
8653
4463
1732
6446
4191
7322
8558
7968
6234
1415
7508
5378
7115
3778
4299
6675
5136
4265
5076
1318
6041
4739
7377
8722
979
6461
855
2272
5435
2342
2390
2706
8895
3420
2054
1711
7226
8321
3255
9445
5936
3851
7331
8321
8930
3080
7869
6852
2806
6737
3705
4222
2425
6844
6716
392
7188
9809
1980
9344
3975
153
2711
1692
46
6448
7977
556
8343
9547
4156
9959
8477
2639
1445
2773
6356
985
8785
285
4116
9351
4326
9329
2692
2802
9270
8359
3830
2498
3801
524
4553
2069
3346
8647
8967
6356
4814
8776
3535
5957
6431
3651
4005
1240
2972
9669
348
6544
5206
3168
3128
4978
8140
3722
7722
7415
4308
589
5543
576
8865
1357
4632
3560
7685
3356
4314
4127
3759
6904
4539
9383
6345
5515
7460
6284
6272
3974
3393
992
8224
6095
9466
2433
7108
9190
2195
5853
1644
3147
1791
5423
3112
6188
5455
1996
4046
6747
6845
6240
3600
4518
9907
8457
6590
8492
1833
785
6283
138
6237
8355
8926
8541
3696
4361
7390
1599
8583
2210
8927
3872
4422
5986
102
3354
9524
4655
2027
4979
2333
1886
7471
1072
1741
3319
8394
5848
9717
163
6677
4259
6604
2701
6096
3781
4282
6810
8050
4054
9700
4043
1593
5281
9261
7477
7258
4577
7193
3023
2888
1227
2311
3206
5557
2026
6129
2352
6485
8299
3695
3252
2665
3241
7804
5612
8789
3041
8714
6241
6765
4551
8164
2359
7846
2417
7685
6213
7535
1595
7173
6254
6059
1854
7432
1405
9461
4631
3972
2338
1106
2834
412
9630
4777
518
9135
9687
9231
9251
6552
7868
5083
8259
8172
1100
3038
3267
1939
1230
105
1179
6875
6179
6626
6714
8291
807
7047
9722
656
4454
9470
1546
9478
5501
1340
7652
4396
1498
9671
1528
9056
1492
5353
5005
9060
7437
8900
6815
715
2264
1301
3133
201
7902
3513
7274
710
1594
5790
1897
2028
4339
8621
9235
4074
5129
308
9394
5276
9984
736
847
326
2586
2197
1704
4813
3654
4390
5198
1971
5589
2632
6386
5351
3433
1574
6725
1708
132
2501
5523
1211
5789
4269
9230
8748
5328
2885
6416
1440
7227
7214
8295
1167
2630
1550
2434
1178
8636
859
3913
6446
8947
8548
3106
374
1619
8687
9509
335
7859
1875
7906
8521
288
1416
1127
49
3700
2049
2961
2945
2941
7694
7308
2735
8879
1217
3633
503
9248
2826
7971
2581
6656
5028
2931
4470
5928
3793
5896
6958
8217
8063
6072
7752
1429
16
6145
1933
2381
4165
1087
7750
288
8469
4189
4746
4706
1576
5725
4024
6652
1315
1304
1930
7523
1587
7195
4960
4499
8856
9664
7519
3605
1414
7932
9314
1262
3359
4420
9862
3370
1891
1811
9651
4235
7857
1956
8535
5202
3745
4215
1035
8272
5294
2337
8231
7829
9395
8451
5105
4829
3301
6862
767
3443
4461
6856
3490
1342
3538
5123
5676
5607
1379
7706
8020
225
5459
5715
9790
5538
4665
1466
2203
1009
4595
8928
818
8668
9198
9574
5201
4012
1061
6705
4310
5292
7687
2315
2043
6913
4926
8238
4608
9891
3254
6516
5113
5772
5282
9639
9469
3889
2653
7931
1072
3198
9725
8619
210
4945
1815
5387
3992
8621
1974
4257
7050
8593
6340
3198
7064
4194
7618
4403
7296
6910
1752
9960
574
2515
2305
964
855
2224
6402
2361
5509
7996
9342
6569
8253
6281
6314
6243
5969
6050
3198
1720
3293
1799
3028
4418
2187
6726
615
7393
9050
1383
1101
6302
7547
5369
3387
484
2653
8882
6815
2652
9006
8973
4426
7515
5051
7082
6926
3497
5176
7809
2524
4263
1014
4190
3930
2879
8231
9289
1176
7954
389
4587
7317
9626
5558
2583
9246
9068
1912
2230
7318
1404
9597
9949
1202
9607
8089
3005
8011
7828
4647
7851
2209
6401
1854
978
8536
9284
7242
2650
9162
6717
363
486
1880
2618
7808
4841
7943
127
458
9062
4852
3880
9821
8691
1954
4887
6411
521
2981
9138
5143
2679
2227
7728
8932
3356
1291
2715
3898
1628
6060
3193
9648
5365
822
442
7942
9323
6809
4266
8881
2186
4145
5234
8834
8668
3342
6801
3469
7603
9877
5804
2028
4685
8960
7523
2777
630
5014
4198
7032
7058
6805
8997
5970
6991
6903
8794
6164
9485
2128
9346
8264
6444
4526
3365
6821
6448
5754
5351
6532
4114
6920
9009
8628
3980
1323
8591
6139
8894
4321
5672
911
5944
2468
8971
2685
285
376
2931
6239
7530
2567
5011
1497
9504
6621
6550
9980
4359
4286
7523
1184
6491
8850
7729
4249
247
2215
6783
2410
6349
7208
3109
2436
2857
5317
1343
9274
9655
2564
836
7330
1913
8384
5571
7862
4881
3341
274
5308
2762
3187
7343
9925
751
3317
6014
1048
5768
8170
7098
3214
6998
2829
4621
7702
9934
6150
310
1167
8441
2703
3007
3435
593
2831
6155
3793
1425
7331
3706
3185
7875
3236
3403
9600
1255
7398
2140
7724
5541
3747
7228
2136
6923
2239
7645
5823
3054
3905
4599
451
8576
2432
6532
538
9442
8987
2173
520
9766
3524
2115
2996
4626
7264
6823
5423
2314
2239
7391
826
4375
8341
1217
3868
1659
8099
513
2866
4373
9277
8926
3124
6492
4478
6128
5152
685
4504
3132
3053
2886
9390
1804
7194
7294
3648
6686
4596
7456
8579
2856
5153
6254
8076
1763
6063
3297
8885
337
560
9723
291
1370
7470
9139
4713
2364
2396
7086
1443
210
3457
9376
6882
3997
5905
2085
3677
8933
4227
3062
2057
6897
2125
8162
6451
249
9955
8010
877
995
2310
7898
2992
5303
3556
4356
2076
2373
7556
3090
5581
8546
6202
208
2893
1019
3056
4158
7643
440
1401
2642
6592
6744
9361
4383
51
8132
5055
7935
7157
1036
615
4035
8361
5968
7247
9861
9471
8317
142
1869
361
83
2067
6477
3565
2983
8325
4120
6728
6697
5973
8334
9283
2999
4310
3093
6500
3140
5078
3825
7916
3140
1674
1590
9207
5886
371
131
8849
8856
5732
8662
7615
2479
1468
9892
5325
7113
9038
2142
5272
3698
6307
9085
9149
4744
8194
4651
1229
3006
6718
9780
2739
946
6557
6955
4247
1422
7690
8668
1291
2626
2441
434
9519
677
9146
4832
5952
3155
5448
7774
8435
5154
3810
9696
8383
134
7833
9504
1783
6553
3164
5647
3498
9931
3469
544
3108
7945
1049
2689
2936
7374
454
2856
5886
9020
2032
1312
8396
4129
762
3188
1129
327
4173
6192
8817
8015
585
1792
4048
1293
7693
5149
4639
7183
9144
2388
8088
4489
8611
2021
542
8543
6629
470
8051
5638
3613
3202
7248
2147
2489
6117
4827
3294
5653
4390
4033
5889
5957
4601
8991
417
8732
373
5531
299
8660
8488
6201
6174
1852
5171
929
7332
2157
2221
7897
1066
2651
475
2160
5890
4368
8933
459
308
1000
7887
9546
5099
9874
4303
6761
2543
3364
8321
7819
9799
5813
2805
6927
8030
2294
1801
8280
1999
5651
7472
2597
8983
1982
7462
6347
9229
751
7712
5743
5993
4716
9157
2891
1475
8520
1428
5743
8332
7001
2588
7524
9607
68
8246
1760
8284
1299
366
2070
3481
5185
5481
7708
6200
4750
929
1739
3331
8420
222
5444
6409
1964
3210
5540
1003
5214
1166
5619
3896
4749
4482
5390
8641
7977
2535
1224
1902
115
6194
1771
2935
9881
3622
3120
3238
4731
4973
1628
6189
7098
7262
2844
4322
322
1001
7905
4984
2466
9648
5537
9458
914
2885
102
1373
3764
5129
6663
499
2974
5223
5353
9733
1016
3131
6709
3243
120
8402
6061
9832
3005
3260
8513
671
3754
2062
6725
219
9870
3660
7670
7214
4559
5134
8968
3253
6881
6013
6885
1515
8103
8800
5706
5804
7125
2823
8406
5187
6756
8719
3333
1329
7632
9475
3506
3351
2022
9511
7385
715
7877
7318
83
5709
832
8671
6192
98
2470
4807
981
4179
5290
1705
978
9026
3527
5712
840
6559
5179
5690
8031
8070
7368
2656
9008
1747
9826
3595
2682
3588
2978
2688
2467
6695
4287
6246
6818
6071
1913
6335
729
8003
9752
9076
8712
1833
3820
7028
7339
465
1483
1258
639
1953
4150
5978
8476
477
5683
1493
402
1290
5249
2263
859
1290
921
1596
9043
4306
2680
4189
6928
4590
5985
1792
827
8652
818
8842
3994
6524
5740
8257
9943
9717
2954
8331
13
535
5889
6500
529
5901
553
6693
7255
702
1971
8434
5144
7532
6050
8940
5109
2358
7831
2284
1883
5888
7962
9725
2621
5159
2593
6047
6354
1455
7486
8076
682
4039
6450
4227
1878
5514
2323
2142
3252
1633
8185
8889
9560
2152
4624
4133
546
4970
1687
1669
9604
1803
2620
7462
2999
4326
8770
6381
8204
9954
6515
120
8330
9612
8966
210
6117
3046
7124
5939
7932
3485
2912
425
7880
5511
5333
7739
8362
9957
2618
4247
4969
7440
4865
5613
7484
283
2329
8110
3166
1343
2323
7127
8638
3317
3537
2217
8652
4349
5796
4514
8820
3682
2692
5405
9063
6319
1206
4228
2363
4124
2487
8950
6948
6918
5544
8853
1356
459
7782
868
4742
8949
8541
9257
3777
909
9392
6312
1386
1000
9926
7217
5455
9136
8668
1596
9798
2140
8016
4172
840
4276
8811
9796
6049
504
3565
8888
8717
6694
6403
9437
8740
5042
4784
3634
5971
5941
8965
2762
2534
370
8970
8704
7169
298
6383
7340
5479
7365
8838
4838
302
602
736
35
3240
1470
4526
2154
4204
1526
130
4583
7191
2244
242
6193
63
4679
9875
9411
5046
8199
6914
83
8477
3336
2416
8705
1035
1714
7695
191
2593
8741
5102
3201
1567
5293
4060
933
8586
508
9594
3660
8514
4862
9841
5907
1830
75
928
3860
6301
6290
7116
3933
114
4542
8808
6883
3779
1186
1221
8694
370
9415
5442
5869
5201
9987
9697
6229
123
4565
1098
3205
2868
7844
2397
4075
736
2333
4087
4413
9874
5173
6365
97
3636
2881
2930
9455
7374
5595
7502
1343
9862
7713
6015
7685
6991
332
8754
511
9151
5019
130
9380
3347
9075
3738
2890
6340
1497
8324
31
5035
589
7904
8835
7859
7552
4551
8869
7300
935
9587
2623
1995
3644
2223
9328
988
6191
1926
6740
5542
5823
1510
9939
5824
9630
4559
8122
2447
8570
7573
8388
5293
6405
3840
5539
4199
3961
8258
932
5277
8560
8177
877
9006
400
3344
1553
8087
1041
1679
3850
2699
5494
5320
8975
7006
9027
5066
3139
1108
9272
2090
2123
2011
7588
6137
3966
7760
650
4893
1104
6492
5974
3770
1336
7265
2062
1671
7710
201
9664
5004
4106
1780
732
7683
4865
6333
2108
4073
6464
9960
8880
1337
1418
344
8798
1984
2582
5396
9432
7923
6153
7872
7964
3976
2202
9950
5436
509
7912
1891
3962
5062
7691
3388
51
4409
6278
9817
5457
9465
1376
9114
4636
6763
5067
7750
1645
34
4306
3144
2207
5857
8210
9832
9511
9257
4079
2711
2687
1946
1612
751
1725
9202
9978
6787
1693
805
6326
4774
7498
729
5057
1975
7361
8669
5324
6017
8677
9056
4594
5549
4262
6625
3154
9669
9074
4862
1
7915
6590
5605
5676
9374
6741
9197
8817
2393
8990
6067
5961
9522
1729
5493
1888
6001
1104
2328
9202
5970
7753
8717
6543
7607
4512
6224
3153
6171
5364
8364
6797
8949
7279
9644
8655
130
3965
9611
4341
4205
2011
3984
9554
3890
4998
8891
1794
571
8394
2031
9989
5523
4551
4345
1983
9685
4071
9779
475
9549
4282
2437
3149
3326
9218
5042
7203
9123
6743
4236
2530
166
8523
4756
8803
6137
7157
4346
3889
9995
5661
343
6066
1027
8814
4223
6058
4767
7689
8300
6366
4035
3739
8652
5774
1242
1930
8497
2552
907
5908
6301
901
2937
4377
1411
9486
972
30
9678
9144
7598
7234
2962
4970
4166
6171
2854
2601
9418
7479
6295
1289
6192
5667
1971
528
8806
3228
1769
616
9934
8209
1518
3753
5803
4973
7308
1763
9220
3839
4878
4667
8713
8887
9536
4691
7372
3190
9674
6089
7198
5541
3641
4941
5252
5356
3341
8430
3990
4500
4750
7514
2212
7582
5880
3955
3073
4544
3439
2665
5348
7689
4854
5060
681
7244
605
6476
3224
9076
3405
4192
5392
9739
5508
997
2705
4049
5122
328
3349
2836
5569
7697
8839
8287
8114
8463
6769
1415
3376
2930
6972
3659
8512
6107
1133
3627
7979
9342
6381
8007
368
692
4829
7508
1791
8738
8724
8576
1936
7844
2666
8473
7068
7483
8044
7227
3367
4280
1867
6744
7996
4362
6557
29
301
8748
8212
3473
3519
8464
7971
8381
4921
90
5354
9912
8223
5920
7899
330
1778
9401
8172
5289
3767
9403
749
4472
7687
1501
936
2936
4195
8764
4470
8110
2081
5271
9645
2883
3376
424
2543
1732
6450
2802
2956
7004
7997
5817
1871
2324
2936
3091
1957
6781
5642
3412
6947
964
7807
1398
7550
2266
9971
4197
8410
2250
5333
1004
9247
2768
5538
5086
3370
3567
2600
722
8659
36
9256
8629
2440
2685
9308
2300
2425
8681
4964
3695
8625
3676
2256
4091
6125
4801
8299
4346
1567
4952
9443
844
4611
5942
844
4805
1925
298
3081
4151
4953
4143
6465
960
1322
6464
6168
5904
7267
1338
9023
2840
16
3430
2673
2459
6580
6522
2114
451
7624
9413
7538
8159
1449
9001
6398
2115
3235
2595
492
406
7350
1452
6895
8032
2326
78
3505
6494
6994
6938
275
2683
2257
9093
9783
1531
9054
3951
6708
7096
5387
9047
2354
1158
5927
6212
6525
8277
6669
9327
3357
9286
4597
6541
3862
3764
5861
8773
6129
5202
9177
6323
2655
137
4747
10
9904
6837
5360
202
5333
648
6716
2348
6327
155
5076
6623
4274
164
8764
3830
8646
8766
4430
2292
3744
9530
6389
4840
4461
6409
9975
4195
9158
3186
858
1926
5427
2984
9850
5427
6147
1292
4791
3903
9533
9715
5880
1222
4300
9097
9706
5676
5702
562
435
8950
6673
6997
3823
1171
8613
1822
1120
9557
7545
1883
7296
1907
7240
8010
7897
3596
5898
9696
707
1153
9907
2812
3889
9195
6322
776
103
2203
5243
6293
7790
8451
2413
4954
6922
3114
3203
9763
3725
3792
8706
2272
5098
290
5776
5091
8815
1385
4722
216
4591
9320
5778
8484
520
8780
7082
5081
7137
4747
1347
9208
1904
5809
9425
726
8456
9128
9659
8348
1152
1523
5963
2049
6095
1886
5453
1247
4053
2589
7731
9170
5494
2240
1663
3140
8224
246
9857
8308
7695
9860
6755
5274
3008
8969
1565
2560
6339
7853
7341
6931
2742
3921
7727
3116
754
8588
1655
2243
684
9288
4812
9145
6750
5069
3611
3908
6257
9010
3202
1029
2319
3227
6010
2278
2191
7426
3700
854
4925
1503
2278
4390
401
8122
7345
2909
7882
2128
4075
3722
8852
135
8275
8552
2637
3571
2420
1773
8101
3555
4290
4583
4456
1813
4775
3150
6221
2206
213
8735
6263
6749
1690
5043
53
4274
5841
6900
802
6513
3436
4321
9138
4043
6838
7328
1581
2678
2937
9729
4556
7401
9766
1947
3236
3546
3322
9759
480
6453
2332
4111
867
1175
2896
4141
6132
1349
507
3661
6280
599
2261
4880
2875
495
7356
1584
9793
339
2864
4504
7045
2809
857
7242
1678
7184
4946
3430
9397
8520
566
1290
9530
4314
6473
4979
7175
6806
3527
4075
8308
4043
9200
5397
3689
9424
994
4601
9319
8693
2148
5257
3177
9976
6829
2089
3940
5027
6314
8429
4618
13
4483
1670
9718
2803
4079
5132
5426
732
639
4686
2147
2340
9708
8895
9582
8110
9445
7755
968
956
1730
2146
6152
4722
4171
6766
4895
8573
406
5145
3376
7788
160
9486
7199
5287
6986
3727
8805
2435
8273
8555
4023
3598
1473
6178
9735
3659
7635
519
8346
7589
6681
8746
5757
3910
8157
9278
194
9033
8387
6543
712
6129
9669
6150
9247
9135
3882
4562
6019
6990
4781
5246
423
1863
927
3297
3966
8096
3051
2047
314
3412
4495
5111
6893
2920
8983
284
5950
9380
5646
7090
4624
4937
3636
7765
6600
9913
3603
6306
9206
1778
3609
2831
5126
9685
4268
7353
6365
4498
1329
4008
5950
8508
7150
33
9854
7320
1077
9973
4933
9855
7533
2646
7903
7243
9089
2918
7132
7352
6377
2532
7981
6226
8455
5623
6443
471
5340
2472
6051
5531
1911
142
4059
6646
6454
8212
3485
2319
8006
1231
8707
4047
413
2492
7681
9404
1004
4096
5292
7966
6682
4888
8102
2824
1563
3486
6347
3820
2515
606
1196
1637
5425
7456
1009
788
432
8459
4719
857
3052
4800
5914
8848
5964
9949
8009
2948
2145
9737
2404
2870
6231
5076
316
1220
780
8786
3574
8395
532
3379
5325
9520
449
2163
1737
3136
2374
8743
4084
1172
2958
3379
6625
252
1183
5071
7029
3186
8091
3437
1150
4506
4235
9869
8177
6223
7264
4626
831
2875
5138
2515
6748
6514
5410
9399
1109
7492
584
3869
9888
9093
9741
6041
2507
2090
6225
2174
5768
7234
1764
8359
8615
5701
3124
8948
7794
4379
9929
5624
1685
6346
915
2474
8775
7517
537
8381
2906
2033
5347
388
7407
2244
3553
5637
5570
5654
1746
7819
207
4309
5827
3047
598
6188
6140
4807
259
9124
3388
6951
7692
4630
628
2524
3458
4448
3294
1599
7361
9529
9810
3328
7269
3884
6737
4217
5927
2012
8591
8079
9777
9015
568
3126
6858
7577
3156
4915
1408
5914
7106
1417
2550
2676
695
2078
581
4628
4905
4723
5989
5098
6472
3670
62
7678
5554
6965
3330
207
9380
1270
9225
4388
5303
202
1578
8189
7602
2384
4511
5939
8527
4466
5245
4087
1453
9281
5807
7179
5668
7164
9655
2055
9923
4777
4148
3536
8594
2945
1116
2390
5825
316
4686
4406
7204
9279
6866
2739
4717
6587
515
5256
9720
9882
9302
6282
9458
8597
1184
1800
2035
2284
9332
4717
6822
627
4625
1340
5516
9558
2644
8575
6454
6663
3107
7327
6794
1943
7410
3727
572
1119
5702
1913
5220
342
8425
145
2972
4019
5705
2440
3966
5379
4498
4201
1347
8095
7799
1002
2442
2920
5516
13
1785
4261
7232
1135
5060
6909
744
3473
7712
7020
9822
7877
90
3637
7545
7097
8098
800
7152
5488
3311
6561
9965
9914
3486
4048
1774
502
8438
2769
2301
3581
8103
8140
5203
2600
1062
1466
9738
6851
1081
1968
6671
6664
4484
9832
3925
9551
2664
327
4258
3885
2410
8908
3768
5037
686
754
9540
217
131
2775
3444
6143
784
5656
2125
2384
7680
256
3263
1695
9003
9010
977
8531
7961
4894
8750
1225
9594
3766
6387
9198
5241
8183
2898
1883
633
4691
2244
3826
2577
6357
3235
2294
1103
2929
3181
8786
9451
5994
4492
2398
4922
9359
1662
5316
1131
3684
6087
4307
8910
8356
892
9506
2374
9417
9871
1542
5943
4071
4898
7733
3496
6961
6262
4759
7769
1348
4590
7759
639
3828
8112
119
3645
5511
6699
4139
9104
3974
5603
9246
5421
7282
237
7387
6900
5635
2856
5662
3142
4082
9258
1566
1083
3732
7245
2995
1248
5384
6460
5072
7194
91
2080
562
5467
1377
2850
6475
3464
2758
2864
5679
1211
3417
7372
4452
1574
9327
1676
9167
7876
6343
7126
3398
3971
1846
7042
1270
7488
8593
8915
775
5546
37
4450
3952
4540
9236
2196
2160
2497
1308
6474
4809
7434
8610
9449
8255
6986
4047
8634
6682
466
6962
8595
6149
4566
3753
8507
9956
4872
6991
5020
7793
6471
7456
4050
3837
7119
376
3477
9936
4817
8551
2353
5672
3774
280
479
6566
5720
5059
9709
107
3989
7874
3237
4902
3294
8619
7944
2322
5366
1310
2444
8161
7177
5768
6365
5163
8046
3683
1295
8791
6368
7882
105
6614
694
4509
5617
7306
2695
7041
9264
2148
437
6107
5917
2144
5784
8128
302
4534
2195
841
8954
9390
3650
4258
5450
7277
5838
3637
2281
8262
4150
2405
16
3050
6650
3718
2460
8186
6075
2524
9578
704
6064
1177
1220
7649
2526
9589
8448
6236
5134
657
3228
9059
2591
723
3966
9405
4055
8134
715
4801
1548
8258
5256
2451
8883
2631
9838
3151
6540
6689
6468
7639
4213
4994
9578
6469
5313
8117
2204
1928
1042
5377
9852
6456
4718
2479
7037
6973
3944
5631
1507
921
1733
2797
5406
4310
3165
498
9853
4269
8292
1089
4451
996
8949
754
2612
1121
7323
138
9286
4841
6191
6972
8801
4277
5059
1140
9682
1166
2060
9345
1714
8445
6572
6425
7946
8406
3130
7735
938
2564
1618
2088
7691
2523
4313
5245
4187
9446
2400
1923
359
4454
2660
5283
4153
1432
9069
197
7042
481
9164
1480
6777
3609
4702
7786
6124
3226
4347
2201
1380
7861
560
7103
1126
6996
9752
1235
6050
1747
3949
6762
1518
2211
1542
4458
5441
4038
106
4652
9688
2487
7881
5251
4752
1130
6619
3723
642
7063
4116
9569
8675
38
5757
5174
947
3846
9054
7218
3465
8389
9348
3950
7123
9311
2620
3496
9857
4006
8021
3605
55
5142
4604
9530
6475
9632
3707
2339
7036
8372
4859
5880
5892
737
3373
4711
5037
3540
8437
9633
7072
8433
5347
1590
9174
6065
5471
5218
8371
1186
6467
5485
1735
2123
6070
4845
