4065
1767
632
3417
2535
1642
2275
3221
4051
4255
5025
3169
3131
4481
5102
4556
3137
3731
9859
4179
5051
5535
3838
4373
6275
7730
1565
8881
5998
9203
9178
9670
2698
1167
2367
4225
46
7841
458
8952
7725
2121
2869
145
2090
9852
2802
3940
8134
8528
6577
5185
5230
9992
9169
849
98
2414
3085
5080
2575
4036
9673
7658
6938
5037
3618
1685
6250
1330
9167
9101
7624
8644
4482
4714
6734
5740
929
5699
7025
558
5188
7352
811
1146
9970
3748
5617
8357
5631
6938
3007
1722
606
3159
1721
5110
2721
5455
2775
5388
8251
2261
1866
1056
7795
3906
8531
6498
9499
5956
9028
6729
3918
894
9383
3034
8960
4205
3710
6959
425
6339
6148
7971
2942
7487
7758
2719
8517
5660
2675
2775
9741
2261
9123
4083
2293
8169
852
2620
3696
2253
4536
1058
6552
2342
9872
1394
7434
345
2008
5792
8604
3776
2281
2671
1746
6403
6671
9815
7576
8326
2124
6902
7067
90
7719
8261
1889
7933
2425
4717
2235
4333
4666
2750
7256
909
8163
4665
8264
7905
8526
2476
8108
8664
7675
2242
8812
7447
2681
6563
3718
3396
9893
9313
7495
2530
8292
3441
4585
9102
4138
6789
9538
8075
6654
1936
8526
190
5610
9729
433
6352
7131
3647
5937
6789
1924
1586
4253
6579
993
577
6206
6517
7037
3933
8639
6117
3813
6444
4486
1228
7154
8593
3531
6174
5607
1665
2243
5432
4955
9816
9740
407
4817
492
7389
5386
658
7891
8964
2769
4543
1370
7212
8656
6564
5437
4692
3738
6918
1106
1816
4882
5649
9017
5488
8930
8527
6342
2748
7478
9305
3143
710
3684
1944
1946
9911
170
5421
4778
410
2990
7819
5611
1862
4348
8800
929
8793
9090
4911
9122
7915
3879
34
8854
2817
9720
1460
6187
3995
4918
6370
2634
1410
9343
686
6463
614
8128
4182
7307
3667
7447
4567
3781
8270
7020
6402
964
3785
9018
1081
6817
8657
4449
6365
7313
9521
2787
3468
1353
8022
2089
5821
6184
2379
7205
4660
9771
5140
9255
1307
9535
7875
1643
5789
8912
1502
2567
1423
4945
6784
6927
8779
3435
897
6612
9632
1821
969
6761
8810
5726
6234
1020
1600
2436
7103
2012
5051
6989
5434
2565
9683
9566
6793
4823
8335
2208
1489
2699
266
3327
594
5733
9935
921
3651
7197
4371
9562
2632
6143
1604
2667
3541
66
1194
4294
3064
1014
2328
2586
3175
3174
3490
7909
1903
8202
595
4325
2858
9547
8898
2665
3717
95
6458
2552
4666
8274
5457
4505
9280
7755
5681
6323
2447
1623
6022
7366
7077
1072
4051
7983
7053
4381
3844
6169
8681
5119
595
1047
2103
218
2333
1659
419
5237
6149
4451
9307
8094
5822
8135
3633
8357
1905
8945
8818
2682
7492
2681
7984
1826
2175
3003
5219
190
9615
6619
3224
7543
5761
5278
6648
7557
5578
4358
9660
8422
6186
6827
3205
9070
3817
8899
3622
487
346
2263
8871
7348
1113
5140
1641
128
3837
6938
9397
3934
6886
4710
8016
7951
8259
8839
4809
1788
1595
343
9255
8425
9341
4173
1445
3780
3858
8564
9780
7625
4813
4550
5981
7658
7779
6882
1063
1280
3687
1448
6187
9782
2941
2391
4340
9444
6193
4047
7889
127
9822
5517
8133
7364
7727
1028
4107
1345
1563
8964
3472
4957
6146
1249
644
7038
3125
1056
7231
2837
2821
1728
7266
2956
5538
8396
3672
8185
345
8696
5786
5572
32
3192
553
1032
6858
2036
2103
8849
6620
2367
3483
9826
3829
8497
3265
9445
7922
1023
7375
7123
9060
7873
3423
4974
39
9999
3790
365
2374
2588
3717
7201
3386
9521
764
4821
4075
6047
2378
9977
4575
3980
9963
1695
1602
4231
9034
6128
6735
7616
3204
1266
45
6943
557
9888
7364
3801
275
3136
2370
3193
4622
5753
5069
7658
4106
3348
8991
2843
4894
2417
3599
8692
7765
5731
4644
5510
4648
1950
9187
5675
920
4658
4159
5425
5539
1472
9813
1840
4462
390
7837
1627
2666
9763
2040
7961
7220
9504
1412
9126
5868
9493
1813
8911
8821
1374
6061
3308
3186
3990
9069
6353
6788
5997
6054
5770
3487
7009
1966
5152
3817
8155
1211
4626
3122
4512
2143
3703
1675
3964
3080
3811
4242
2340
2675
8046
1167
3292
6810
5578
9755
7235
6091
7237
853
1358
7209
4908
3510
6713
9063
3746
9638
8770
9969
7268
9990
7645
9939
4864
6134
9596
7472
288
4211
5448
8555
1484
7583
5618
9124
7923
2133
1236
875
8193
9939
2544
3982
5932
1889
6909
3232
9891
6452
3280
906
2634
699
4506
8635
9845
7075
5469
9069
5724
3186
7377
470
3455
7947
2114
2765
578
5187
3379
5816
433
6120
5094
1784
3127
3315
7002
2275
1714
9809
2095
2155
9983
9470
4841
1605
2151
7275
7030
9240
905
9512
3225
3622
9375
3317
2300
7767
5624
1231
1173
4743
6252
2176
7770
4070
5420
2947
1479
8749
9689
4897
1134
2537
6381
265
1911
2339
9735
9821
5759
6136
1409
5401
4498
4540
7357
4753
4483
403
9816
8112
5243
9344
7507
4854
6695
7787
7132
4780
5230
6097
4971
8907
5132
4666
8195
1587
9467
9493
9383
8883
1600
9018
3118
9813
7627
173
4831
4980
3604
4984
6807
2619
1593
1307
1810
5356
7854
3163
4103
2051
7095
166
8071
9981
9357
3317
6141
581
5348
5443
1928
9318
4817
6611
1866
104
6392
9885
6665
6297
1875
3576
7456
3932
250
5435
6663
1298
8369
4306
9538
9977
8286
3111
4380
3180
4309
8330
4156
7200
6329
6958
9550
2507
8554
3996
7099
5656
5378
4127
4942
7847
6247
8062
8490
5821
9363
5774
1070
8844
8571
383
8623
4096
8903
6422
8745
6078
7080
5699
3881
7888
2218
5910
3403
1979
915
1522
5571
6857
9484
1808
2231
8305
4869
8662
9405
9259
5394
7823
9814
7267
9686
1752
8808
882
4206
4977
1896
6164
4305
2596
224
746
7897
9007
4777
4582
1517
3796
781
1462
8572
3531
7134
9706
352
126
7447
2559
8436
9746
9340
31
3293
5652
9191
9694
8797
6524
5488
4909
2320
135
8101
3367
9101
7114
2430
6448
8235
5617
5294
4853
4231
2445
3866
5402
1355
9149
2918
8930
2539
8730
6933
854
1747
5248
3676
8570
6139
3591
3783
9644
7208
6042
3242
9405
2144
2758
3510
6145
5658
575
7295
9310
9006
5396
9111
8865
1899
6582
9990
4178
7989
827
3210
4294
9692
533
9475
7759
8569
9163
3611
5258
3986
5169
7288
1243
3711
8766
4736
6612
5420
1419
2657
2363
7721
1341
7615
8101
4393
8713
9240
9960
7725
5373
9805
8235
1974
2443
479
3683
696
325
4824
3682
8327
2645
9061
4619
1914
1630
143
8755
6840
6842
9142
2636
5129
4193
127
324
8696
85
1632
1369
9851
136
8356
4225
736
4718
5337
8925
212
6505
6688
5926
690
4757
1702
1703
2923
7766
3487
103
6320
526
8751
2187
5563
9438
5175
6017
4463
2000
4352
6379
4365
4846
2135
6761
9980
645
3789
1028
7862
8412
873
5933
7439
3241
2951
5786
3810
895
6904
2006
6799
7335
2760
434
6652
4184
5661
7836
1603
1409
9775
3018
7335
8988
5638
8634
773
9359
1612
9357
599
9234
4996
9464
8975
3716
7733
5906
8057
5394
4868
2742
9386
7130
1444
5489
5900
5781
5563
6393
9092
6903
7453
1604
8639
1399
5449
6118
2459
7626
4040
783
6263
326
1366
4743
4720
7397
1092
4185
8123
7071
9060
4628
4994
8823
2559
7577
9093
110
9720
8034
5975
1690
3623
380
695
7650
3874
5001
2061
2626
8969
4414
4669
1327
2275
6883
5573
3891
9053
1828
5794
5248
7658
8587
353
7418
3839
4302
6792
7894
7460
9124
8770
6497
5053
4920
5669
425
2779
1223
7611
8573
8194
5905
3803
2182
9537
4904
2031
964
2328
5896
3218
1192
8216
4071
9793
1925
5705
2047
8023
2587
2576
1536
4122
1926
8547
2652
3434
6825
5134
1923
8642
5531
8431
3186
4236
7453
3282
2369
5905
608
1656
1050
8768
604
5601
3247
3575
6815
4935
7197
3991
2656
7952
1456
6583
5305
4232
8732
6749
1674
5230
8695
1547
7250
8429
2937
1997
8868
4117
6607
8435
100
866
5105
1123
2700
3956
108
3079
4799
7333
1578
9877
8741
5653
4763
9830
8080
3289
1927
9718
4095
712
1404
7265
1677
4043
9846
8386
4433
3041
1926
8266
4643
7912
7617
221
9872
265
5558
88
8369
7328
3232
9120
4004
9073
411
5682
7985
9108
7993
5433
1943
9804
7058
4074
7035
8029
7095
8400
5993
8441
5704
8567
7905
53
491
9058
8078
4892
5039
7268
6220
4221
3479
4781
7280
8517
9317
107
4303
3775
3281
3342
9674
1736
2829
5042
4993
4748
6311
3363
5446
4833
6320
8287
1933
7677
1118
458
7087
6115
6663
7056
747
867
2934
8897
457
5172
1327
1918
8773
4193
7521
8771
5037
9810
1877
5046
9979
3261
528
231
8602
3369
3064
7118
5179
909
9421
7056
1078
9612
1109
1912
2216
3100
4844
9777
7196
5114
6232
8101
5984
3163
687
6971
8885
6834
4100
5131
2939
4169
5003
5644
3805
174
2529
1170
9659
3247
4652
8848
7861
5184
2722
9641
4825
6152
2000
9190
4529
3823
4439
8684
6845
6684
1573
5370
7257
8490
2786
2931
5322
1350
2559
2714
8946
6846
9869
9635
137
9316
7274
2020
1972
8746
5919
8374
8296
9994
5098
6274
8580
6092
3616
8103
2715
4264
6653
1796
4797
3008
7327
5995
1248
9428
4788
6047
7129
9358
1345
3418
9347
6301
3454
8792
7490
2251
7220
2149
6597
2442
5877
674
4287
6592
1936
8767
6828
1977
7983
5523
64
9375
9894
539
5426
2812
3104
982
1881
2045
9062
9553
966
6042
6441
3820
7068
8598
1477
7319
1006
930
9316
9408
2843
2210
5465
3386
7603
9087
3
8980
332
4105
7997
1737
3255
9044
7536
3404
9898
3624
8248
6913
4402
2200
1468
4206
5221
9836
1987
1721
2269
3481
3644
7645
8037
2586
6172
304
3016
4478
1921
2443
2674
8880
7389
5161
5682
5283
1382
2276
5426
4686
4194
2593
2132
4063
2563
2655
9487
369
4195
2087
9760
628
8324
709
1309
2121
7798
9195
7756
4474
390
7862
355
243
7465
8818
7423
118
8063
6233
5200
89
206
4706
3378
2451
86
4841
1435
6012
7042
3667
3873
1959
8976
5063
6193
3930
8332
8476
4542
6487
9969
2941
2980
1126
4277
4886
1534
7013
5203
7020
5232
1925
4529
262
9631
2749
18
1227
5943
2930
4729
1819
188
7208
7841
4077
1250
7712
4214
6725
5744
5364
3941
2524
6674
2691
9661
5566
5263
5821
2833
5561
3196
3238
7800
1165
2913
8294
6669
8959
800
3944
9887
9055
3069
7624
8612
7976
2954
4935
6408
2352
652
70
5572
7809
5183
8556
6085
6972
6795
7663
9197
7570
1430
3277
3130
7811
3267
4917
2486
8339
214
9098
9613
9552
8637
7153
5459
8488
5579
6352
7543
1928
4650
5109
4844
8355
1338
7712
7025
9858
8761
8368
9864
6294
4414
395
439
6646
1134
4493
8046
561
2769
7456
5934
5805
5267
9538
3680
8886
9276
4294
8366
1947
9378
7460
2522
7910
1614
4776
6523
8344
2925
1136
6984
1392
7794
7404
8452
3823
1780
664
3710
5510
7227
8688
8209
4356
6766
3676
2011
9709
4366
8958
369
324
5370
9125
9479
5292
8782
841
668
3424
9578
6740
2839
4854
1383
5734
26
1072
5055
9715
550
712
8405
4089
8070
8763
3447
5963
3509
6807
2873
4943
431
5933
596
5102
2938
6013
553
8583
9609
3141
20
1338
393
8616
9037
3443
7388
1398
775
8112
5115
1667
9865
49
702
2380
2655
8079
2031
2784
1886
7520
9125
7221
4137
164
4931
103
954
5750
2014
8808
788
6251
3051
7139
9472
4520
8578
8346
7155
1797
6525
747
9520
91
705
1092
3069
146
4262
4114
9594
2111
7214
9603
8102
1280
3566
7966
6638
9085
6609
1431
5252
3002
9940
6478
7171
892
3006
1527
2601
1212
8377
605
6815
3268
3267
8253
8762
9846
5831
4185
3066
8623
5452
1924
3384
9327
6204
4336
9127
7261
4575
6135
3897
8440
2867
7992
4171
3926
1732
553
3431
8298
6319
3868
6454
3288
9969
2796
754
5020
3993
9510
1454
382
8465
6004
3253
6887
1429
466
2482
2668
8798
8412
3322
9528
4164
1198
6382
8807
9777
4360
2526
8234
3370
2148
8736
9320
1376
8240
7123
7638
1050
4804
8114
4356
8037
8892
3871
8356
2584
9375
7359
6161
8489
1845
2566
2542
4588
2513
2794
5554
4415
9105
1432
3566
1981
7289
3721
5510
614
1960
3689
1326
7312
2768
235
6081
3256
3904
9726
8102
7009
2837
4963
8980
9677
902
4262
5430
8826
2219
2654
3826
4973
9939
2490
6481
162
2889
6004
1267
3174
3253
7753
8932
9255
950
7422
3349
4269
6234
2460
2409
9722
9649
1004
8083
8878
9529
1846
2320
1460
2212
3130
1352
7660
7777
2572
7154
9337
5751
986
1096
3784
3806
6121
6795
8428
4275
1430
2815
9553
2139
8175
8285
9091
5663
5717
2972
9669
9787
3363
1582
9292
6285
1408
8818
6352
5496
9903
2142
5600
9092
164
577
3410
5866
2113
809
6104
5549
6423
3021
6925
9535
1243
5781
5558
3262
4649
9009
6963
9553
1856
9835
4518
4529
10000
478
6237
2011
3770
1737
6045
6976
2454
4338
8649
5855
5680
3981
300
3312
6201
6563
6768
5042
9491
6945
5131
8443
329
2973
4170
1224
5709
5971
4042
9793
2563
4228
1038
579
1554
7928
5829
464
939
2482
3108
3670
8102
4507
7060
2395
4761
5761
6518
2061
3574
6683
1017
9236
623
4345
7828
9972
4573
3308
7710
7106
7299
9096
9903
8171
1663
1473
7427
8205
7630
1500
5910
164
4027
4468
1112
8277
5057
6172
1757
5464
4653
6024
1514
6513
9310
8029
486
7414
7799
6748
8342
127
1099
3623
9275
9475
8494
1857
876
33
9911
6287
8242
4278
8597
792
6057
7687
5668
7741
7016
3285
698
2610
4775
5473
5053
2935
9075
6179
3467
7491
8218
1852
2903
1807
8384
7872
9094
6069
7935
7074
5353
6870
9855
5729
1300
4893
6761
8459
938
5025
8023
1849
9148
2636
8192
1793
6016
5631
642
5958
1017
6029
3404
1250
9643
49
8103
4291
1695
454
200
5290
7416
655
8730
6441
4989
8908
6444
192
924
7812
4324
7144
1941
9508
7015
8294
1333
1464
796
1274
1133
6465
3068
1324
8216
3736
1346
5186
2216
9429
2870
3027
2940
9487
6913
710
6057
4753
649
1771
3376
2023
522
1850
8305
4062
2792
3215
385
6384
6372
3584
7782
2932
2353
6380
3350
8687
3043
6024
1551
6933
2276
597
3020
5584
1603
1468
9824
2687
2523
7760
5792
6875
4956
2257
6818
4705
2375
5453
8465
3525
3963
9359
9843
8141
4737
5422
800
3840
8101
4387
1360
9682
8817
6703
2194
604
3923
9538
3199
501
8965
4770
4156
9904
4322
6491
920
2103
7750
3338
216
8574
2088
5659
5570
7095
4237
3407
1131
2086
8990
2605
8478
935
5451
8253
7389
3653
690
4672
3631
5159
7345
1569
6232
5452
7159
4932
2790
51
1673
6073
4407
6562
8447
5860
7849
9221
17
1258
7884
742
2962
3376
1991
3693
704
4235
148
7165
3020
605
8757
1498
5055
8112
4155
10000
7932
158
7481
3468
9666
4233
3691
6345
580
7556
4352
7867
7342
6285
3289
3189
6130
6396
1333
6282
5227
7389
7862
2132
4260
653
2814
7041
8505
9316
5434
8658
252
3223
9499
9975
1696
9482
9173
7487
2783
3403
5898
6735
3322
7917
5191
7043
752
9990
9132
5870
6166
4999
516
2551
436
9062
4926
4212
6275
3617
3303
915
8386
2734
2343
9938
2910
5797
6608
8458
7863
8429
396
3102
8696
3773
5796
3006
2908
7159
1095
2748
3116
2153
5897
2049
6126
3146
9916
8962
8407
6154
2938
2683
6318
451
5982
8393
9553
7493
2118
638
3116
1758
122
7275
3701
4001
5607
2502
2886
157
6184
1100
4447
1978
1797
6474
9270
935
3379
301
6214
6469
6561
443
7733
1675
481
6103
7992
9107
1050
5022
2512
9535
1078
7052
6328
4924
5205
3033
3225
6230
6464
6131
518
653
5250
9231
5968
2690
3098
6328
627
5826
7864
4954
2098
9974
752
8920
585
805
9332
3527
2266
9467
1848
1315
8946
2427
6669
7375
8024
2946
9006
4394
2608
2943
5984
1260
8837
1102
8195
6651
9757
647
9098
5424
16
5350
6007
4916
1297
5164
3633
9188
8196
8405
1337
5296
8265
3947
2773
8560
4754
5358
9909
8028
8757
111
9665
4430
1746
9660
9034
4867
3764
4057
6862
4140
6512
8187
8539
4253
407
7477
118
4125
3272
8207
9661
3503
7826
2111
3195
2424
4182
9416
2859
7172
5050
4097
8512
4677
9521
4119
5488
2300
4041
19
2068
2441
3615
3115
5990
968
3524
6454
6871
6244
8500
9811
5033
94
1564
6374
3268
5172
7611
2274
1205
3097
3725
4875
2876
9424
7061
6775
6717
5240
9058
8572
2581
3373
1601
9336
162
560
3864
3896
8118
6053
9869
6840
2979
8874
7947
1788
8113
1783
3186
9335
334
2839
9674
2686
71
7554
4587
7884
5909
6029
8495
9449
6039
6092
3235
9828
2572
377
3142
533
8029
8243
4468
3249
898
377
5969
6704
3909
1686
4519
8957
798
862
3938
7621
807
9753
388
735
2235
4614
4512
8218
8900
4686
8806
3068
1595
5062
1692
2047
3113
4230
8169
4724
9148
2759
5738
3982
1222
72
6529
7703
4200
3843
8725
6700
1826
1734
6613
419
9067
671
5438
8065
2286
5013
7843
5041
592
5673
5827
2433
5451
8393
9664
8746
5499
3493
8673
8485
9919
7631
137
5211
8279
3662
9488
2501
8559
4360
161
7781
1659
4388
6023
7175
8453
4358
6946
6479
9699
3001
4835
5526
2908
9818
6297
6546
2389
1795
1842
343
9886
8908
3167
2034
1362
277
8954
2904
3696
1018
6015
3632
6600
2191
9560
9725
9098
7389
175
208
9365
7905
1027
2252
4972
8869
6941
3691
364
6157
1223
3949
7482
5438
7853
8468
5624
3530
2425
8307
5328
1705
4513
4922
9284
3904
5274
2719
4281
9593
5156
7653
9222
792
8576
5596
5127
7047
5887
4918
6779
7750
4551
1375
4131
7674
3021
5575
7063
4140
32
8804
4976
2817
7320
1561
59
4519
7750
8859
6389
4361
4183
638
7908
7833
8637
1893
2227
1889
4801
3844
6484
8764
6268
1177
3982
6975
4208
9045
2804
9003
5358
8008
8995
2532
5098
2547
2135
8285
8354
9376
9010
4120
81
7812
248
8287
3924
1675
8458
6194
5088
4074
587
274
9296
2762
4336
8296
8973
9792
3884
6434
2055
3843
9141
3366
2803
9740
1294
7564
2266
2071
9906
7789
6098
9153
8123
537
7052
6204
9605
461
8186
5867
5602
4034
5453
2937
9111
3702
8864
4556
664
2625
2302
2169
4822
1605
2901
7970
4941
6689
8291
7853
9238
3602
553
336
5709
9504
4887
2511
1793
9397
8055
3727
1586
5116
8760
5677
2604
4397
9700
3831
9297
1622
8487
2857
1538
3912
3416
8748
414
8303
2819
2769
8377
8512
7350
6706
6425
4227
4853
7545
4992
6984
5690
1504
5571
4868
5919
1750
8485
7862
3362
3320
4394
2174
3935
3148
4488
4121
206
8594
1673
5740
5732
9850
503
9169
7282
9196
2122
3906
3562
2963
6678
9160
2732
1050
630
9856
3645
5311
9229
3843
6056
6499
9935
9311
8959
3648
7423
757
7876
3165
3213
1138
5727
971
8526
7755
6854
6301
5526
4357
6238
5835
9312
7589
9397
806
5726
9178
5558
1058
259
3437
3418
1687
6705
5684
2225
1234
4834
8370
4175
7692
5104
2057
1014
7333
413
6478
4635
7903
7712
7878
6040
9059
1515
1113
1733
4175
4156
1252
8216
6257
1513
7802
3851
7795
4941
2715
4460
1364
7272
6222
7608
5016
4434
2942
9035
6733
334
7919
4158
564
2371
9467
8173
3791
3603
1033
3007
1634
8769
6437
5178
871
9241
4438
876
5663
1770
2683
6845
3860
7570
1701
8145
2677
8153
3286
3121
9162
4536
4898
409
4138
5447
5828
1393
8546
8793
1423
4177
4267
2827
1567
6254
939
8570
9908
4761
6843
5055
3097
4601
9158
760
4334
1861
4775
5284
4635
456
4453
6787
9466
7883
2740
5219
1543
4154
758
444
355
5371
7536
9117
1111
1558
6832
3549
1996
4602
4886
976
7310
9021
2550
5841
8958
1889
1208
4555
8911
9754
4698
3796
9822
7766
3326
3340
2785
2778
6517
4164
2910
2542
9248
7380
762
6253
4691
785
174
5870
1250
2999
8843
7961
9947
9261
8084
3686
538
3849
2040
5433
3240
4226
3874
8207
5774
6321
2602
2777
4818
9792
7034
7394
2828
6254
3746
1174
5323
1458
2811
3682
5953
8935
4956
2247
9033
8282
4921
2508
9049
5310
7163
345
5548
8301
2234
268
4716
9547
4140
2810
945
7817
8109
5228
7831
6371
9447
7840
6758
5859
2556
5345
1174
2368
6148
7863
838
8005
5343
8642
1947
7490
5029
5523
5422
8684
4543
35
6889
2584
7276
8854
8463
741
7410
2525
5731
4248
846
4979
1225
9786
1536
6223
8104
506
4321
5137
9291
6678
5729
9164
4050
1806
585
1867
9446
49
8696
5247
1492
3849
4666
7613
1302
5787
8329
1975
3745
8080
676
8529
4531
2583
1830
6267
2302
6700
8360
1908
3643
710
8933
684
6308
6199
2786
8245
1434
3952
7036
7209
437
7232
4492
2523
6199
4710
2127
1611
8705
8313
7204
8297
219
3978
2622
7304
3656
3124
8483
5833
8257
8419
619
1914
9143
4982
4090
8328
8124
693
1011
5978
1251
6505
9543
1061
5814
2085
1534
8201
8563
2721
396
2769
2828
60
9640
7493
4536
4934
937
2507
2907
5978
1660
5913
5922
5669
3964
6593
3798
2955
942
8182
8673
4363
5837
3677
2254
3240
1502
9385
4448
5178
5911
521
6376
8138
4631
5832
9288
8886
775
2256
507
3984
4964
5423
9548
8295
8656
2018
4100
527
346
7191
7219
6327
8240
3076
2285
2055
1905
3760
372
5082
3484
324
171
4889
5269
9333
6827
2433
9321
4549
1426
478
2910
7134
3239
6171
8699
837
6918
9426
4116
7054
4962
109
9307
2469
6611
6644
4252
8876
3360
7008
4519
1885
7179
9419
4724
2832
4192
8288
4331
4376
6688
5673
9638
4807
1184
3881
5592
7582
6159
4912
902
9362
1691
4628
7095
9138
8170
800
7136
2746
4329
9237
7921
4759
4245
1976
401
3703
3859
3495
5362
4571
6079
1310
7588
4165
5383
2860
8488
7648
9165
8107
3517
7245
8252
708
3919
3251
5794
2969
7896
1549
8968
1415
5241
3136
9229
1043
9775
9198
5434
1672
6614
3239
3701
9080
6686
6974
1277
1406
794
6743
7184
6386
1818
4555
5514
3765
6460
9881
2404
8432
2758
8466
8943
6467
5754
8468
3805
2111
5778
9513
7527
4097
7095
4031
7708
3391
2527
9671
7331
7278
3241
9760
8635
7230
5423
2580
3694
7915
7457
8881
5115
3877
7950
8405
4358
8911
9752
1403
6997
2911
4380
307
7694
3930
5670
1663
1686
4832
792
4667
2176
6662
4192
2593
2404
855
3094
2977
1320
4772
3614
5346
2626
7543
8516
5248
7616
4494
2403
4198
3379
7261
6763
5837
6289
7952
3436
7873
9979
141
6247
6247
2458
4367
2780
3885
941
2523
7062
5986
6123
4413
8204
4829
5887
1844
1908
2234
3853
5706
9907
451
9691
5132
8591
6853
5700
3397
3636
2935
1599
3963
2208
4008
1179
9064
3605
7804
2543
2753
4932
5760
6551
7628
8329
914
547
9209
5807
1080
4069
1150
3788
2846
278
3711
6838
527
972
9356
5279
6363
2945
9300
3308
7932
6014
9297
7226
1327
2006
1127
5221
5651
7741
2
9153
5225
7966
5828
9943
4680
2640
6799
2019
7248
7116
2999
4471
2436
9690
6211
9844
2838
8518
2235
9294
7385
1853
3196
360
9524
4891
9255
7058
3469
975
8224
6232
3743
8952
1148
3238
9797
4215
7938
8336
2025
9734
2038
4606
3243
3239
2248
8202
4240
9640
3365
563
5144
5789
1969
2801
9048
5115
5624
9251
1717
8486
2195
9930
5007
4402
3551
2053
4496
2374
4789
2005
2875
6295
6681
4114
1475
5965
8150
9429
