799
80
505
245
382
918
223
79
221
918
250
456
718
235
895
328
937
845
733
37
803
265
505
922
250
162
66
763
12
664
438
889
535
667
992
753
246
277
738
110
400
713
169
954
29
333
83
316
271
607
995
658
189
960
943
6
136
773
22
535
77
36
158
382
880
592
871
865
844
21
449
667
99
332
201
629
849
76
245
996
603
475
356
829
276
135
526
663
336
383
51
984
57
465
938
522
536
902
997
800
299
278
229
319
304
514
821
753
109
791
462
649
365
780
336
199
598
47
716
187
750
907
34
940
245
542
562
988
54
134
262
245
275
462
562
391
711
11
569
950
911
807
294
743
400
46
301
420
474
288
670
644
693
696
933
871
959
266
756
66
494
329
670
246
593
552
299
738
996
675
114
659
996
452
525
103
298
963
946
448
478
118
208
933
57
203
730
570
226
822
844
727
159
271
10
808
155
203
498
563
774
189
820
714
1000
651
293
940
866
77
459
405
662
826
955
823
789
515
7
160
507
364
34
816
699
26
715
766
435
195
808
265
482
686
666
782
685
111
410
305
289
219
234
717
146
254
256
9
577
149
939
924
506
972
926
373
967
614
909
897
103
329
20
782
369
17
161
343
338
504
401
529
988
726
823
781
829
783
821
633
8
260
298
226
355
697
434
539
610
880
582
991
433
163
729
63
462
189
892
91
162
835
519
247
363
201
453
868
807
89
87
789
996
742
145
475
676
680
742
643
15
430
0
865
419
601
373
7
285
409
288
485
957
511
69
183
175
282
191
182
541
472
460
22
238
915
571
146
739
854
27
582
838
765
756
820
110
879
775
477
957
994
958
357
338
913
203
597
712
356
884
876
776
256
947
35
699
229
387
665
494
994
649
469
357
177
392
213
912
124
324
838
501
822
95
930
790
855
72
224
903
640
660
17
367
813
571
773
835
13
222
527
315
17
350
879
400
60
515
696
877
907
479
34
307
898
375
823
84
321
647
35
566
527
113
360
683
567
497
479
999
200
13
512
222
30
8
598
575
175
987
689
151
2
447
968
40
937
356
11
960
96
658
425
99
234
755
593
41
927
316
613
774
6
557
305
606
440
24
783
422
3
123
735
6
322
747
904
186
372
4
330
418
640
620
768
598
214
379
741
217
222
618
839
349
558
819
939
690
822
730
867
823
779
481
333
110
558
823
1000
384
769
710
533
610
426
204
802
548
310
780
270
948
500
788
157
524
676
602
169
484
355
64
418
71
727
195
33
390
525
837
60
449
11
996
499
951
989
33
7
88
692
155
496
581
633
987
755
571
719
621
870
213
255
148
243
160
711
390
831
544
584
379
827
406
63
38
988
964
347
647
172
858
820
55
594
788
709
847
246
265
841
44
325
921
405
529
610
575
130
843
752
887
580
148
111
767
946
101
793
755
486
522
393
286
450
761
419
209
189
464
246
676
351
603
956
527
63
716
256
774
39
57
856
769
780
448
651
202
472
507
941
970
601
14
273
102
569
537
607
187
485
805
174
716
383
470
175
837
946
389
439
72
234
53
40
530
798
588
968
571
586
545
351
493
548
605
730
52
127
267
431
939
611
280
253
167
931
784
52
495
614
728
83
985
292
146
143
895
102
647
486
848
533
221
136
765
282
911
386
10
354
145
961
450
269
291
646
558
847
955
786
657
670
253
732
87
359
605
82
936
569
866
994
322
536
657
937
173
21
524
140
826
109
688
197
731
647
162
196
402
185
724
359
836
522
141
287
505
850
193
378
864
268
68
379
140
323
4
982
419
981
918
467
327
901
199
536
199
981
777
188
23
862
890
238
596
424
998
955
