758
952
575
787
88
413
403
158
157
94
448
14
541
219
502
564
815
526
889
649
828
123
969
811
993
517
459
673
387
740
633
8
799
651
627
0
657
493
533
566
63
741
372
518
360
78
670
212
543
828
886
902
544
78
846
268
787
71
954
0
568
639
507
509
746
612
851
919
802
19
859
826
616
675
768
474
621
928
270
436
73
9
156
959
382
36
18
320
665
144
770
898
46
301
185
797
108
788
771
187
889
856
468
98
320
301
83
242
668
200
219
341
156
639
770
806
262
516
184
373
513
993
374
174
192
3
609
957
629
118
341
179
787
238
296
689
487
954
861
689
495
209
934
28
388
354
821
914
77
259
665
140
463
972
414
134
743
56
553
477
684
642
463
816
360
807
978
419
886
908
211
966
885
273
359
499
38
446
82
370
674
420
384
682
682
932
975
932
464
155
970
564
983
680
235
500
219
272
184
176
763
397
25
389
560
375
971
75
384
482
612
569
931
217
851
656
17
112
117
547
545
679
50
402
415
870
823
109
321
542
259
728
711
291
228
776
537
690
906
730
12
902
520
836
275
908
261
928
143
837
341
419
488
184
343
529
66
146
442
20
584
515
22
770
437
917
282
502
24
68
712
517
634
57
910
149
996
327
324
539
828
640
671
732
463
100
74
492
657
180
150
521
77
440
198
333
877
610
648
552
777
876
611
862
26
536
906
334
458
0
768
984
412
62
172
658
805
925
242
948
826
468
533
908
816
353
352
771
732
970
141
2
106
540
685
13
726
751
679
375
618
987
167
257
739
83
932
454
859
314
359
772
161
619
725
727
566
524
898
756
111
686
435
708
970
26
168
267
660
86
814
641
536
610
823
548
687
241
341
244
173
731
105
579
607
661
72
991
45
564
686
858
535
505
193
178
394
120
246
797
135
997
514
65
782
629
284
915
248
267
82
90
273
388
296
765
703
291
908
388
457
956
889
955
602
325
398
927
184
382
570
581
724
726
641
33
86
310
666
526
323
883
35
608
159
167
537
414
426
372
145
98
630
561
594
19
208
927
777
324
310
337
880
286
230
731
282
549
256
76
952
834
285
277
820
892
36
583
44
623
163
637
609
336
977
305
702
780
148
542
176
171
292
375
769
381
219
523
753
651
380
321
122
259
81
331
424
782
640
226
578
838
541
1
715
668
450
654
224
758
833
476
872
170
505
176
614
485
204
732
955
119
832
61
781
308
850
265
620
937
621
147
378
756
542
637
596
380
140
520
145
330
760
720
639
625
511
860
97
864
861
993
204
897
204
755
343
833
306
310
258
900
403
23
969
116
318
915
319
213
358
737
192
583
654
346
364
665
949
168
543
291
98
405
506
124
905
896
43
869
966
80
172
319
370
422
836
57
71
958
524
95
739
746
743
650
100
870
962
473
541
835
51
340
801
847
767
956
427
887
389
597
802
98
797
189
363
575
700
450
443
969
841
327
2
236
104
903
203
516
117
497
842
204
382
1
793
923
540
273
491
453
62
913
793
810
225
516
888
69
203
933
211
193
25
744
604
549
453
758
350
856
279
609
600
9
493
450
141
421
284
646
205
579
988
817
774
243
826
517
187
856
734
880
17
714
119
197
357
407
24
393
453
630
228
89
413
562
721
489
362
637
281
204
658
178
43
865
882
589
713
782
521
300
433
916
512
62
45
1
334
824
16
317
109
4
438
52
597
965
291
335
868
197
554
23
366
556
532
