634
646
346
631
895
22
215
487
447
493
900
62
362
574
482
540
117
357
343
292
882
109
66
946
507
543
659
797
777
464
677
244
68
56
171
741
817
938
121
842
791
467
586
541
953
446
576
290
86
92
184
468
175
718
527
773
154
872
16
142
980
878
224
898
377
132
501
569
770
809
14
787
815
408
321
471
599
130
384
546
804
809
530
639
777
517
931
58
679
469
466
905
286
672
57
907
915
318
401
387
806
270
307
370
275
85
468
625
286
392
229
627
426
465
298
945
700
594
80
907
71
391
765
71
578
413
32
836
310
548
27
948
903
677
651
21
327
121
194
692
590
242
190
993
842
547
337
379
356
856
548
95
425
133
37
294
972
744
969
303
430
108
105
310
908
129
972
828
773
89
260
102
790
80
510
407
690
443
543
626
181
448
164
543
104
584
226
161
566
872
801
605
569
723
288
96
521
754
760
108
284
175
13
809
924
384
697
264
449
887
922
387
866
291
393
40
982
500
839
834
20
899
651
213
521
758
456
291
883
978
409
353
303
493
159
290
727
310
145
808
801
244
709
730
164
134
776
558
386
422
425
612
817
712
693
488
560
628
947
762
302
907
172
790
429
646
41
731
342
91
803
687
560
32
742
512
546
656
695
233
885
516
284
158
614
592
634
317
963
349
590
556
573
450
305
894
591
554
701
13
538
297
726
917
297
709
482
667
925
458
868
65
594
730
976
553
135
864
577
619
359
895
988
490
514
106
115
387
737
599
91
143
374
749
89
333
617
819
399
764
245
432
995
744
72
313
545
211
486
670
364
912
659
521
448
394
872
659
435
91
596
704
969
266
603
115
0
175
814
683
186
259
850
808
413
826
15
484
994
250
311
789
958
427
560
166
802
298
697
16
421
634
892
510
668
574
308
989
337
206
394
856
693
107
621
3
490
76
277
221
74
141
694
291
542
545
652
336
72
454
616
139
334
327
421
441
787
558
434
232
740
432
142
473
316
901
839
100
74
285
653
17
169
393
533
739
830
642
449
926
90
791
738
164
232
565
513
277
452
326
742
537
908
334
864
103
475
817
206
736
33
732
425
378
82
389
992
958
727
449
264
241
519
33
733
69
664
895
974
464
80
705
746
711
143
409
266
759
503
862
842
614
394
29
135
843
373
521
676
623
581
666
117
813
713
679
469
141
760
310
560
374
559
841
673
591
619
475
589
651
314
738
338
229
436
316
894
260
345
183
598
341
811
997
894
686
574
620
557
530
281
934
498
517
523
731
603
964
383
132
755
742
228
385
912
195
872
21
553
666
693
284
613
501
170
88
153
251
647
201
482
889
615
957
514
299
234
854
14
437
572
652
467
772
635
463
487
946
408
408
539
200
953
384
41
12
398
835
327
363
977
525
164
271
642
180
892
237
663
108
419
160
544
497
486
875
282
614
178
113
997
818
23
205
83
