978
621
926
481
917
541
667
575
763
418
847
868
707
989
864
5
123
41
95
323
268
5
420
561
645
211
663
990
496
357
671
804
732
807
289
200
738
278
161
742
572
833
325
734
316
345
446
380
331
495
791
302
710
360
263
226
174
98
497
723
250
616
1
455
932
648
494
602
762
216
737
235
642
452
368
675
506
436
555
892
45
576
653
25
737
836
191
236
58
95
424
637
563
488
175
596
900
70
372
398
685
763
885
714
858
914
158
864
443
86
735
436
913
311
820
201
618
103
632
645
138
807
144
903
180
205
300
880
952
975
693
964
573
941
438
946
483
584
507
509
953
719
981
663
910
679
94
793
262
447
43
671
247
674
829
235
208
530
570
283
297
199
566
735
814
710
825
393
798
425
234
553
310
594
231
109
144
734
620
744
431
158
212
482
449
744
334
900
760
413
914
782
587
63
400
10
808
761
248
251
817
388
947
355
693
532
91
717
434
870
961
990
613
311
537
404
600
99
957
113
648
799
201
162
808
960
604
26
766
862
694
539
669
60
331
673
950
839
285
167
780
326
422
899
756
886
81
774
925
12
742
763
9
149
962
658
664
972
134
708
60
143
932
290
686
262
785
751
102
903
181
644
387
974
628
277
253
310
310
952
154
982
469
442
619
630
243
595
17
52
124
42
576
628
353
646
758
887
857
847
93
347
704
704
339
989
473
607
92
989
512
571
431
108
533
337
190
721
631
711
691
119
591
255
313
380
31
814
566
764
527
743
336
631
169
579
903
71
784
288
249
465
398
321
666
419
978
847
929
140
709
892
225
68
31
221
541
515
939
865
557
277
43
103
750
738
584
211
551
449
390
255
889
813
18
291
291
590
733
457
896
131
652
321
908
45
658
345
268
922
243
65
516
367
887
145
797
131
302
188
534
253
507
142
85
853
10
872
322
374
259
708
599
25
150
206
432
723
573
665
800
791
390
291
157
526
670
65
16
385
257
25
265
494
16
581
184
553
415
67
728
783
481
366
204
325
827
230
958
30
636
122
785
18
292
282
770
873
728
209
995
909
652
294
994
612
196
481
612
220
349
570
944
168
1
299
976
717
136
891
351
172
77
300
878
999
329
885
950
498
415
902
720
841
281
693
379
869
858
726
292
160
304
845
733
311
110
355
667
197
887
127
46
954
493
828
663
312
181
275
416
604
770
916
371
158
284
650
628
486
443
657
374
839
607
304
154
496
445
617
99
808
794
650
695
411
414
332
260
788
603
364
12
897
157
785
521
519
840
577
709
710
541
911
121
808
691
694
762
669
416
8
407
828
502
599
92
750
797
158
224
732
897
972
140
681
589
577
30
32
932
552
135
621
536
183
481
183
791
129
705
179
318
34
627
724
730
997
586
345
15
552
942
106
268
263
586
107
983
852
91
716
93
703
357
609
388
355
164
317
106
422
500
168
644
874
790
570
105
760
902
302
345
243
979
163
162
48
669
779
699
394
876
491
203
647
771
75
344
226
728
846
483
744
720
79
725
364
376
506
466
920
999
981
178
719
313
527
753
21
204
698
135
647
269
460
12
532
920
35
172
543
93
917
651
334
878
202
801
376
530
544
732
712
671
623
742
747
199
523
98
523
272
870
593
877
129
870
168
995
307
297
845
502
233
986
959
278
554
426
694
216
313
443
967
108
917
267
488
482
658
508
728
89
396
712
404
316
914
41
175
748
612
791
10
598
402
567
135
308
164
631
233
717
505
989
24
733
2
241
553
109
812
801
329
910
537
5
361
565
562
144
82
15
481
262
340
642
126
333
996
1000
869
918
348
681
31
401
998
774
699
563
158
924
423
443
47
106
831
62
545
886
187
519
729
836
579
513
116
737
439
156
354
372
872
393
345
4
252
832
556
170
117
8
748
274
636
128
766
98
594
221
686
847
223
195
638
26
5
532
854
703
241
229
768
587
281
477
731
70
145
592
305
651
586
780
585
809
750
204
774
960
453
632
820
929
133
695
115
757
282
139
869
136
430
171
344
545
384
363
157
816
12
546
292
699
324
387
385
109
851
831
580
768
912
571
824
19
796
625
399
436
940
413
586
260
1000
961
122
876
53
777
662
407
597
990
970
758
992
987
183
44
362
624
717
727
161
510
678
155
250
449
683
882
461
322
964
205
310
755
900
855
304
187
800
394
79
422
757
110
842
115
431
626
561
112
586
318
151
281
23
163
551
163
454
418
149
443
371
