837
976
801
676
653
524
81
415
483
796
427
548
875
614
670
790
882
958
185
541
827
215
434
272
875
644
320
624
646
99
718
213
218
272
957
99
199
283
999
325
179
575
857
193
890
560
298
0
171
497
863
994
458
845
737
196
116
440
461
297
572
561
393
901
102
963
106
577
155
505
920
558
588
817
801
227
343
280
94
956
510
29
373
675
742
137
337
150
177
337
681
879
650
745
76
220
24
356
209
734
297
859
276
518
571
371
759
283
957
132
253
206
134
786
381
67
975
351
889
1000
255
507
258
929
216
950
833
824
947
867
121
943
481
226
748
100
982
519
987
529
514
545
35
764
169
867
179
706
701
296
157
599
957
961
226
943
302
353
865
365
851
14
152
914
638
90
158
268
910
709
937
942
533
58
866
100
530
866
745
688
223
507
753
817
791
48
394
761
284
189
271
505
730
568
676
423
238
176
932
358
742
108
626
58
692
227
856
214
445
749
986
507
384
778
48
551
464
946
397
149
330
963
659
513
365
313
586
20
913
307
676
491
494
645
660
502
47
798
413
540
683
606
533
228
574
177
151
828
340
840
11
736
819
731
147
322
725
352
151
258
711
569
242
798
426
450
548
179
631
736
526
186
127
50
688
898
123
834
539
439
612
921
800
778
728
751
936
245
766
183
795
378
124
67
631
456
499
416
593
955
994
731
279
752
795
15
750
297
176
478
713
76
838
337
954
669
47
732
17
626
4
398
806
848
389
152
156
116
471
557
64
209
89
51
905
14
178
348
733
297
622
744
612
312
540
736
566
667
827
241
944
631
166
502
152
495
747
857
835
490
766
97
427
733
949
507
519
93
362
727
705
543
231
148
546
88
302
286
773
982
339
61
927
843
632
213
963
230
582
675
660
679
525
130
809
489
585
602
717
606
12
333
628
810
499
894
561
428
248
695
531
232
737
6
123
723
862
849
510
667
521
743
981
487
293
860
835
536
821
867
863
358
43
932
408
100
599
211
89
489
437
622
415
102
531
426
224
919
796
111
821
946
637
823
542
837
162
449
241
130
701
104
66
304
311
951
508
919
560
540
454
226
979
338
87
631
356
86
176
768
816
350
28
829
625
917
244
900
936
718
625
353
258
279
748
119
878
570
180
233
279
9
160
766
566
592
208
988
168
476
654
315
569
884
883
904
319
15
636
46
895
87
716
50
873
962
667
717
215
166
948
943
616
28
747
93
625
363
771
495
991
552
488
247
216
97
184
43
423
640
959
338
917
75
504
918
79
677
393
442
335
205
469
15
952
35
224
829
720
121
590
361
113
177
932
122
790
894
912
210
649
254
896
964
10
714
459
342
876
586
982
277
130
710
173
186
923
640
779
564
83
29
180
682
579
382
655
313
622
825
947
983
887
332
776
220
694
23
426
766
583
281
557
187
375
547
717
553
439
671
32
833
492
269
243
819
704
569
435
751
223
464
207
669
708
447
685
474
956
965
525
558
674
234
446
452
357
352
776
703
842
932
74
110
705
947
256
666
107
838
973
705
412
585
65
477
697
264
403
387
770
361
901
200
824
398
772
323
358
955
724
392
189
649
22
344
762
161
998
839
534
480
351
8
851
359
417
468
535
100
175
790
207
883
351
736
431
567
908
1
928
66
408
377
82
294
924
100
795
925
529
175
631
383
558
908
208
65
178
350
401
174
678
767
57
662
910
20
139
535
478
716
914
200
459
929
975
599
878
16
829
354
994
435
725
246
809
23
911
134
257
743
929
15
649
258
803
177
845
385
8
225
807
41
142
914
423
872
154
583
553
307
635
394
863
218
399
595
169
686
135
392
79
150
730
749
531
131
54
313
80
878
62
783
82
545
782
232
60
813
415
904
88
876
778
256
157
240
422
188
959
530
43
223
759
793
169
1000
