925
404
126
699
296
948
614
622
209
100
168
341
634
989
806
403
406
941
700
690
274
536
483
114
571
97
422
774
202
524
618
28
689
27
466
92
867
649
239
958
828
814
953
331
715
327
126
169
157
258
772
396
366
127
78
934
414
25
831
989
965
120
182
900
607
617
921
868
213
823
412
205
576
968
891
217
92
498
11
56
789
768
277
233
984
347
851
453
26
34
749
671
346
855
196
971
527
87
295
245
41
503
773
320
509
508
13
887
263
590
69
258
756
148
56
4
73
240
811
198
110
243
254
97
813
829
833
843
580
864
478
365
134
666
248
365
384
305
265
589
687
649
806
140
25
926
702
690
100
638
742
631
601
427
810
490
302
736
778
882
70
868
498
40
294
720
986
289
419
128
683
295
89
425
999
892
724
723
594
79
912
214
599
775
967
153
31
606
146
224
453
763
777
586
356
196
309
728
724
960
420
402
451
363
645
319
110
186
435
688
677
142
271
989
863
619
601
534
135
211
243
601
521
239
543
876
233
332
358
514
172
112
76
355
713
81
112
803
252
619
517
568
980
699
520
978
811
978
80
514
580
511
4
752
295
607
389
510
571
564
794
510
234
394
898
757
976
973
593
780
234
387
286
788
516
642
655
837
338
710
882
130
567
436
604
582
215
318
865
455
376
760
284
565
667
316
365
436
817
659
692
245
739
36
665
38
147
701
696
700
303
423
905
721
100
379
365
294
655
873
13
144
138
841
286
845
684
330
855
820
590
825
305
673
197
241
894
828
748
619
840
560
657
361
997
330
775
503
971
183
515
317
368
599
430
737
879
2
865
628
469
700
282
181
596
582
804
615
281
12
999
904
352
864
328
860
260
847
889
541
873
457
196
751
771
283
380
743
301
888
995
475
796
469
272
936
885
481
249
346
232
656
49
576
102
29
451
139
577
156
102
950
193
784
145
483
182
15
599
836
725
135
576
197
457
774
334
698
436
588
535
867
167
379
501
541
576
700
550
134
815
991
506
238
933
462
283
591
850
531
433
283
417
307
872
880
162
816
208
796
933
810
364
739
270
676
178
817
791
435
1000
211
169
966
847
238
920
864
465
461
237
958
534
13
640
906
305
72
906
692
727
446
110
987
924
560
215
564
32
887
965
911
885
326
392
919
787
289
538
288
8
107
326
521
943
832
233
663
422
481
1000
822
77
111
344
801
354
502
909
250
306
120
565
689
734
134
879
33
872
511
134
324
959
149
374
964
841
716
712
486
30
906
885
404
580
360
987
945
367
333
30
382
256
372
725
876
113
275
215
464
205
298
190
852
292
289
41
190
610
315
199
783
115
143
356
736
35
325
914
515
359
518
878
294
536
220
312
61
437
693
636
895
452
51
231
238
460
163
262
758
292
801
855
198
904
69
1000
190
767
847
801
115
82
38
747
566
453
374
508
126
75
464
925
702
385
6
977
404
311
500
859
438
650
859
421
732
340
574
684
665
567
314
659
232
905
194
395
728
363
919
926
708
655
938
457
514
180
814
122
884
473
160
508
642
649
598
970
206
517
121
382
81
790
902
736
362
237
619
881
652
522
439
567
142
887
713
399
706
596
916
49
117
695
694
775
795
308
82
39
792
196
649
387
994
754
827
69
850
22
185
635
179
779
201
400
50
921
986
375
255
338
819
722
739
901
205
487
978
855
383
625
382
108
92
927
551
518
2
764
401
502
98
640
840
768
707
684
192
411
789
409
992
792
271
212
559
383
265
487
920
188
406
420
154
729
696
620
316
735
184
486
617
938
57
695
475
522
784
665
342
19
573
890
64
352
93
916
653
788
970
897
351
758
635
639
758
544
362
582
205
734
1
717
174
884
516
245
972
608
796
291
440
935
17
473
588
588
999
823
649
131
739
394
969
338
492
859
394
328
80
57
298
18
554
607
393
569
314
302
13
614
559
501
912
49
621
605
786
973
967
503
662
972
116
523
319
390
666
359
182
337
402
761
960
165
328
107
32
654
509
754
479
274
987
235
941
516
455
670
502
340
558
857
714
351
599
257
920
907
747
110
715
951
674
91
819
105
309
201
837
400
584
443
480
596
505
18
491
513
353
214
531
575
608
2
773
