150
801
912
293
945
782
63
222
225
591
437
903
627
201
279
774
987
792
289
354
435
981
900
920
679
380
568
513
244
566
181
201
213
212
715
897
766
446
521
357
288
340
288
730
404
173
262
822
898
312
766
826
730
31
876
748
699
947
475
92
259
281
372
77
679
292
476
677
522
757
295
621
666
993
821
5
47
714
932
802
133
764
691
847
896
295
479
204
991
563
366
477
870
861
750
129
725
566
599
506
928
179
243
370
814
739
212
452
728
577
260
323
400
228
749
311
891
64
904
786
172
151
873
718
676
903
818
80
153
241
223
881
2
167
309
707
898
455
133
599
383
483
787
654
410
518
570
177
640
363
248
