878
83
819
817
634
223
821
788
129
841
172
600
51
418
941
136
228
727
406
338
190
462
628
648
568
423
213
284
738
349
924
500
144
704
883
138
473
298
982
2
25
699
560
489
833
903
676
157
666
824
895
642
731
201
528
725
356
452
569
59
395
653
365
681
435
146
755
624
17
916
95
368
41
947
8
768
80
912
241
959
825
111
272
899
402
916
319
85
391
842
740
863
277
889
467
647
237
530
789
695
607
679
23
240
847
338
334
396
437
351
689
244
955
79
611
472
458
920
83
773
578
985
927
887
439
634
468
704
922
108
420
927
286
122
396
57
948
988
225
947
269
904
916
548
562
118
889
701
325
564
911
350
861
355
680
902
836
114
325
115
886
566
638
942
140
932
902
964
910
253
450
341
920
262
403
239
520
28
64
675
354
676
901
214
64
227
570
300
804
251
943
68
39
196
372
489
549
579
984
584
622
205
25
378
677
179
674
216
60
549
976
453
524
261
497
780
170
896
57
73
111
293
441
707
853
225
301
167
368
905
415
552
683
514
973
269
642
651
27
321
298
29
547
135
388
198
634
221
433
83
743
417
853
99
421
22
982
293
439
918
56
485
561
998
875
360
878
334
858
80
584
923
991
541
957
871
80
319
487
662
105
641
995
243
512
35
89
48
592
739
601
637
194
537
314
442
506
725
475
93
301
903
478
993
924
541
460
950
688
746
780
125
255
535
443
524
387
74
645
418
190
447
37
614
592
752
536
838
311
692
142
115
889
392
410
453
849
514
827
739
66
570
349
198
401
999
17
841
146
60
963
711
140
825
533
991
55
746
133
696
679
220
69
641
410
720
979
353
451
448
821
369
230
87
552
570
390
20
297
301
725
480
722
73
85
822
498
667
360
992
994
761
38
924
697
848
30
372
494
80
377
910
821
510
720
89
44
472
690
17
916
866
926
807
251
746
513
831
196
798
270
712
259
790
565
11
832
219
752
924
887
772
380
154
94
494
296
780
651
552
566
147
295
876
299
587
280
1000
441
20
704
366
737
287
193
857
387
289
283
758
618
173
948
22
793
747
833
796
201
295
689
15
624
287
641
679
309
73
549
510
957
252
15
413
620
458
594
648
268
941
51
760
621
821
801
607
610
43
12
279
408
812
93
20
839
680
762
618
661
699
44
921
934
185
660
376
978
415
250
699
870
796
405
861
570
783
761
320
636
372
119
183
410
408
615
626
666
686
79
941
872
20
268
83
970
873
731
129
598
302
570
640
251
568
222
819
300
683
663
349
531
141
608
546
633
823
684
356
655
958
299
780
575
831
828
939
41
829
456
435
471
440
161
370
232
518
574
664
135
372
651
536
431
840
802
414
451
272
571
382
346
201
71
275
678
89
353
306
729
11
235
119
514
109
13
534
131
834
749
292
849
698
210
983
656
391
892
307
982
258
470
397
444
339
862
747
304
399
155
856
147
880
874
642
13
481
284
954
124
167
456
320
260
34
549
166
543
914
286
474
259
550
250
993
609
450
337
853
841
510
71
974
807
229
628
319
706
103
656
168
260
508
276
459
825
279
184
363
256
615
294
921
605
187
975
254
212
439
36
424
807
981
776
762
544
955
529
219
359
408
409
405
993
8
750
431
922
49
870
836
108
248
759
824
66
161
278
156
832
6
608
460
284
738
372
473
173
94
436
209
146
446
932
34
334
943
244
405
87
274
806
788
198
936
422
30
982
352
70
499
99
129
145
741
926
37
783
530
669
65
971
261
760
793
293
789
114
677
675
765
872
979
655
529
309
652
103
171
362
924
664
723
828
540
92
15
762
369
868
268
924
199
407
252
809
459
289
384
872
661
186
849
923
390
669
925
459
924
950
661
417
77
668
585
603
949
859
226
852
95
40
159
272
585
563
762
874
480
312
66
63
529
989
834
160
89
67
111
961
353
828
111
586
154
299
957
561
81
48
426
435
442
434
229
866
563
265
877
103
813
104
339
532
501
714
340
804
8
239
