908
643
159
625
568
334
165
597
512
498
492
64
393
404
234
119
518
262
98
907
391
577
715
648
823
434
594
165
402
706
351
982
726
209
972
707
149
247
406
324
492
177
45
781
517
137
52
537
979
312
832
830
823
85
880
476
333
136
958
485
79
919
547
916
574
386
425
1
410
351
809
481
219
2
177
362
450
909
66
810
920
620
249
341
617
902
225
587
983
864
87
859
669
352
919
178
857
388
884
524
494
122
211
485
501
305
476
710
84
544
440
686
739
115
718
573
907
115
720
59
361
589
376
512
472
1000
109
23
815
953
962
951
981
628
329
17
709
912
456
412
970
205
761
485
852
817
830
791
348
926
485
635
500
859
280
937
554
388
43
96
913
281
108
257
193
661
30
472
171
753
740
116
640
286
813
953
484
180
346
650
914
391
320
162
574
117
795
113
523
203
657
246
933
467
580
537
740
130
140
401
261
81
199
674
979
736
895
958
79
882
878
992
266
867
571
708
115
898
460
91
749
745
54
31
902
319
54
265
113
914
259
391
88
72
821
0
84
894
435
30
834
95
612
619
798
773
174
829
417
631
696
265
820
951
452
534
105
342
854
663
373
594
125
115
855
59
332
382
149
741
741
122
150
965
453
434
224
547
794
190
868
117
755
619
214
12
679
400
144
635
490
86
323
927
184
112
361
77
364
408
201
122
926
243
850
72
653
847
654
201
950
785
785
979
651
734
913
796
993
724
964
547
827
880
869
439
369
313
582
938
214
305
509
906
495
3
790
273
962
898
452
987
834
820
624
125
678
258
962
978
229
340
19
117
147
13
662
189
495
322
921
287
792
975
537
626
703
463
571
17
893
386
626
84
334
752
521
127
172
796
946
434
169
767
12
568
804
542
559
927
686
539
672
126
758
817
627
579
311
597
434
736
930
817
388
167
237
224
40
445
549
103
817
636
765
257
495
935
310
491
599
488
461
755
959
532
300
231
872
459
348
775
957
383
948
171
864
578
221
204
813
871
234
625
424
248
722
925
489
401
65
935
456
684
87
867
115
179
500
811
150
961
841
661
687
89
803
732
296
972
902
589
824
295
236
278
485
278
63
700
803
68
758
161
677
654
591
651
288
739
484
413
439
159
783
285
155
222
311
118
200
98
835
960
413
306
666
292
643
347
966
705
656
145
364
564
472
876
900
540
340
485
308
387
855
699
958
207
985
53
863
302
2
205
759
822
146
927
615
795
202
879
105
960
147
530
696
945
900
176
293
905
493
111
256
758
869
192
724
122
320
876
707
945
668
418
364
160
268
660
292
905
75
339
650
292
215
47
166
575
799
422
607
54
801
879
896
44
678
432
131
533
441
572
855
360
830
202
632
284
427
545
833
2
699
106
503
927
739
373
578
978
349
101
997
625
619
234
711
954
316
659
877
13
78
374
707
322
576
788
303
477
148
813
732
10
721
757
281
946
549
785
18
609
619
670
616
267
626
894
993
141
310
169
388
579
847
876
552
52
5
994
245
110
840
546
773
998
334
17
551
742
805
618
181
53
557
285
574
423
849
659
143
114
820
194
308
650
457
889
804
125
937
839
832
154
174
707
284
131
15
288
856
195
113
161
419
563
755
111
505
468
605
784
940
435
784
922
338
200
837
912
727
904
690
217
343
402
596
977
125
188
891
443
597
484
741
9
698
98
698
912
517
562
902
849
373
611
822
889
336
631
710
985
166
249
457
156
550
101
269
808
180
914
930
401
266
330
112
624
303
571
415
864
656
571
143
83
571
67
226
783
455
497
128
98
379
397
415
427
384
750
741
953
486
635
861
934
276
967
426
325
233
756
237
666
141
403
178
23
463
890
793
699
491
163
427
506
569
649
483
688
263
449
366
792
677
28
709
668
774
237
995
845
297
215
692
296
913
188
754
55
926
530
767
48
700
852
215
482
390
82
735
707
92
718
693
154
544
9
495
272
6
445
828
377
697
828
43
810
466
651
263
420
230
423
869
115
108
661
470
230
239
258
914
169
70
729
622
39
201
719
679
98
580
831
519
245
512
940
26
417
679
881
487
967
429
472
841
