548
902
752
646
552
191
181
438
273
81
68
457
153
186
721
405
859
696
264
812
246
438
170
744
369
726
697
356
918
402
199
712
988
803
655
445
752
388
453
565
30
578
902
146
947
241
872
288
359
581
624
827
434
59
539
407
440
432
733
182
656
943
548
532
526
733
377
60
935
780
688
82
871
789
587
645
693
278
184
502
333
915
435
711
407
487
76
971
24
251
506
658
850
922
341
611
424
570
610
108
125
544
404
698
457
961
280
551
362
146
780
860
46
344
183
749
171
477
185
642
403
865
488
153
161
515
406
583
142
502
497
465
167
253
689
650
195
660
977
210
645
779
511
350
157
62
178
285
502
869
783
682
239
556
964
743
223
400
590
434
932
53
108
620
26
61
18
815
979
125
501
361
443
969
100
59
632
632
468
657
878
905
124
744
427
354
978
843
43
189
36
472
193
51
837
591
634
883
302
87
249
34
88
651
756
641
439
852
7
741
441
561
782
237
67
837
187
907
25
293
468
595
795
35
560
602
979
972
44
848
60
476
15
37
249
801
766
247
224
541
614
824
273
100
644
214
706
960
178
444
580
968
435
588
695
466
284
857
110
558
217
469
203
357
590
26
14
583
60
286
99
475
340
643
914
723
992
177
674
300
962
745
895
685
533
857
462
135
145
916
522
888
92
350
815
452
662
945
449
167
165
994
496
180
156
291
138
443
759
232
26
619
382
679
448
641
271
190
392
645
632
213
272
411
848
542
79
389
814
894
642
931
137
477
523
464
683
206
682
655
294
895
316
739
35
127
666
768
693
627
450
30
567
929
296
336
406
166
765
932
114
892
789
3
750
227
999
295
532
457
342
16
884
998
892
24
182
780
267
594
687
639
468
849
719
456
26
918
48
923
810
464
798
839
231
711
942
287
194
646
197
809
75
408
493
489
280
852
848
263
809
136
979
286
107
527
54
865
644
849
428
811
216
916
866
826
108
786
249
85
936
354
197
38
547
230
778
716
237
692
322
11
466
417
425
901
439
613
831
465
570
988
218
835
609
216
842
289
521
729
359
971
664
665
402
392
408
720
913
864
652
123
92
388
676
247
909
280
369
849
960
220
518
27
271
9
460
774
429
663
372
843
817
334
863
583
606
874
683
27
294
960
228
972
329
90
177
436
54
450
453
664
258
433
538
234
59
220
35
889
887
541
656
496
377
923
467
589
798
336
56
778
700
266
264
513
427
103
513
43
843
843
388
908
19
686
622
766
260
