889
365
544
430
867
521
733
578
37
989
668
174
797
932
74
569
944
516
912
289
137
409
231
808
256
84
301
229
549
643
530
991
79
440
554
324
37
879
536
68
954
896
161
883
675
371
461
536
845
620
557
247
324
329
656
495
19
456
298
523
916
202
811
404
930
124
617
420
358
895
895
493
586
61
276
118
228
937
733
387
497
700
811
36
386
900
217
45
586
431
700
899
55
825
807
884
656
499
698
905
41
432
102
650
281
897
460
810
734
749
701
357
524
793
446
100
884
689
389
275
725
896
345
877
993
797
51
536
75
208
294
542
137
981
564
322
860
204
444
646
100
996
530
939
985
425
591
618
581
154
979
488
724
761
87
78
991
32
222
65
361
263
796
116
321
314
752
446
495
89
522
77
86
922
438
337
12
655
347
608
441
665
66
612
422
341
266
448
324
870
694
651
365
116
319
383
272
522
6
544
955
562
322
882
197
60
710
536
742
388
338
434
794
890
3
824
997
109
326
543
460
980
772
161
897
982
547
552
370
545
446
1
60
542
545
841
693
340
242
311
292
15
255
981
427
689
329
185
481
783
447
527
128
814
611
194
902
15
207
492
530
360
931
809
504
654
508
396
287
568
589
483
838
21
740
733
858
792
681
689
72
429
570
551
517
908
561
452
183
903
914
433
170
868
923
59
786
761
644
910
357
609
883
649
947
137
765
81
578
618
481
893
709
676
31
525
671
165
280
190
595
566
471
815
889
394
224
555
408
681
469
69
816
368
490
166
846
685
817
247
558
616
647
411
869
475
288
623
144
473
694
320
228
123
390
462
216
634
843
199
320
181
287
113
426
257
505
802
536
305
20
754
412
762
420
553
521
212
7
400
494
852
533
66
335
804
893
707
346
522
955
990
662
399
725
134
980
507
871
475
31
257
228
34
172
364
679
854
700
495
409
1000
292
853
373
639
42
877
191
879
846
336
689
567
808
120
540
532
753
762
190
886
593
756
879
636
355
953
163
768
800
559
673
949
602
447
324
446
479
369
609
374
754
244
181
136
126
296
564
365
833
679
722
884
616
11
147
909
341
87
164
652
928
452
905
317
866
413
524
621
890
167
946
817
34
104
733
323
779
462
608
363
31
503
740
682
264
278
303
854
2
485
309
933
279
677
906
537
626
151
777
757
406
853
208
691
243
472
339
544
865
127
982
273
81
526
203
733
355
427
784
969
105
677
886
571
5
211
222
63
719
166
587
336
523
671
979
751
138
564
668
690
374
286
30
924
993
941
434
386
402
129
71
242
603
81
993
184
608
541
306
653
181
403
285
762
534
403
762
356
68
317
494
439
802
960
301
595
274
260
502
337
447
524
506
895
310
461
241
85
739
139
254
789
160
362
399
490
673
667
275
898
171
177
339
59
721
307
229
718
767
928
898
519
219
514
33
997
650
76
460
31
372
993
961
119
129
868
918
250
640
684
307
216
311
353
938
48
744
284
326
83
357
464
376
623
401
699
568
602
404
741
471
761
937
559
319
279
539
71
792
933
951
926
930
574
353
403
190
425
31
855
3
118
477
808
75
528
333
513
665
1000
625
764
864
49
742
540
644
652
166
404
747
987
394
321
105
374
118
963
975
218
657
864
526
870
346
88
776
734
503
181
848
305
260
310
236
984
724
87
268
951
618
977
579
972
648
961
945
731
817
110
702
720
689
261
980
673
213
279
19
418
812
373
415
557
489
211
325
385
536
911
868
381
133
890
651
925
581
700
388
588
393
937
382
250
294
574
94
884
983
671
432
234
943
45
249
912
759
361
199
753
836
865
289
603
725
926
461
213
846
840
257
688
0
918
908
551
244
432
262
426
321
519
931
930
730
626
292
238
643
698
143
67
613
980
19
941
343
709
17
260
235
241
504
167
365
784
553
447
796
648
404
768
879
281
315
558
969
763
963
365
704
968
778
44
921
906
466
256
77
133
487
264
167
556
580
866
122
60
699
205
381
172
911
169
656
238
12
469
410
329
147
823
905
233
49
204
147
277
