548
446
575
502
142
170
48
291
497
879
914
83
871
631
5
550
142
777
406
264
352
856
563
26
456
225
819
349
624
307
738
137
335
350
815
819
46
564
413
142
685
370
783
540
921
626
537
995
849
285
270
978
570
629
241
650
743
314
725
450
228
413
367
927
155
250
255
588
724
33
748
670
760
136
279
367
389
94
813
674
593
850
658
586
721
100
613
268
831
421
877
897
505
29
599
235
728
22
755
247
961
253
443
780
325
143
538
630
595
802
790
306
415
999
396
755
51
50
58
642
620
853
314
841
67
849
928
65
745
334
574
451
614
747
324
548
779
58
201
928
321
90
943
45
569
433
847
608
994
546
406
817
962
771
69
441
808
833
152
502
273
427
90
112
892
90
848
153
464
825
168
332
582
879
285
990
84
216
582
637
725
471
161
312
579
184
741
453
415
840
111
738
350
537
326
362
148
292
662
214
800
520
917
189
942
341
199
155
360
486
868
340
15
150
508
309
258
762
512
981
104
461
775
978
87
318
605
594
362
601
863
717
40
228
266
279
743
295
537
865
287
294
974
305
974
37
776
866
640
599
179
248
836
157
178
19
73
704
181
375
196
929
426
383
373
603
482
151
656
67
579
739
122
347
246
781
938
269
954
357
142
852
915
138
350
964
740
415
339
707
692
517
289
647
129
732
660
262
267
633
816
349
654
2
436
926
581
203
605
808
580
589
564
734
593
747
500
57
54
29
776
902
803
229
416
497
172
899
569
153
775
620
137
834
920
780
552
443
430
613
848
582
461
753
539
97
60
887
725
143
307
711
359
4
449
472
799
328
156
294
743
14
226
40
785
978
444
25
42
176
338
44
160
220
344
888
818
588
345
634
49
81
581
347
984
292
937
237
275
650
845
167
141
866
697
2
115
529
405
39
936
983
174
783
660
904
433
902
22
756
236
866
734
973
426
570
442
967
874
22
71
699
868
386
879
162
176
34
833
239
252
714
668
691
848
762
136
444
501
770
914
324
174
114
822
987
5
486
220
933
114
404
112
312
629
213
996
966
7
177
731
765
138
896
17
89
895
413
942
986
949
656
171
880
374
945
783
477
474
374
835
90
904
571
96
200
142
668
683
653
944
41
660
316
930
650
9
219
933
231
736
366
334
557
440
887
146
802
452
833
830
780
68
938
952
337
656
820
964
903
649
537
495
590
981
327
510
151
868
532
545
88
139
957
575
558
854
989
395
871
480
759
643
269
257
456
243
895
234
