280
839
397
690
479
764
672
436
886
889
920
5
743
223
654
514
771
84
786
905
681
795
237
986
17
763
552
463
433
479
132
304
539
61
171
660
262
650
775
665
469
751
818
873
934
248
474
890
918
979
875
200
297
380
154
803
303
166
554
708
910
778
209
385
788
434
908
63
583
648
672
35
701
247
819
699
803
599
881
636
144
66
992
775
173
701
297
99
69
924
175
134
875
212
251
270
263
540
788
506
64
843
828
452
281
249
406
347
853
147
711
257
509
119
195
376
736
544
189
732
85
749
653
474
823
602
413
756
822
201
933
530
92
860
358
611
680
382
206
689
907
966
707
966
369
834
272
566
947
43
96
716
936
268
604
163
226
834
550
968
333
476
853
974
861
388
564
103
24
853
734
539
50
686
532
814
343
995
72
132
964
856
559
213
574
851
285
934
853
283
23
216
863
528
910
930
592
979
708
113
47
829
387
464
624
331
646
811
516
463
756
394
534
128
732
986
817
43
371
412
322
974
4
626
650
482
463
277
3
735
861
297
951
460
485
469
226
525
387
30
572
283
285
680
108
634
687
313
806
850
804
648
948
398
690
236
687
98
66
700
226
468
892
564
766
340
549
164
54
306
390
979
137
217
54
495
136
650
528
577
180
