466
337
870
555
673
799
231
752
895
925
50
446
99
537
952
889
952
137
350
607
667
769
813
551
384
150
847
508
7
24
511
629
22
915
227
54
826
202
4
472
302
654
581
859
745
206
696
75
567
727
908
617
222
124
412
510
837
464
188
367
156
474
572
252
741
62
58
518
908
643
63
866
802
834
904
334
749
35
438
393
890
784
961
687
494
227
942
13
737
888
462
508
76
234
919
908
875
458
671
945
156
505
797
505
690
49
313
500
570
522
894
538
54
394
549
450
878
16
416
898
116
935
283
250
84
206
186
349
1000
865
207
370
57
54
384
642
997
783
835
267
909
76
515
669
238
902
285
637
799
269
356
109
618
182
680
524
938
479
20
732
225
148
944
863
378
848
867
299
815
39
163
755
999
937
135
761
171
729
649
937
200
625
591
193
489
204
271
807
1
704
99
334
760
624
21
89
405
436
653
53
256
917
404
774
700
674
582
143
129
46
948
573
368
714
909
77
854
214
190
817
400
18
762
332
704
720
745
14
153
660
860
526
95
907
290
848
210
391
881
263
645
204
196
483
910
850
914
216
257
844
357
250
573
223
737
140
629
754
267
541
2
754
83
70
45
296
66
568
506
234
673
458
196
210
64
43
584
794
789
784
331
118
937
351
120
916
143
146
368
334
379
76
930
972
623
477
152
413
38
749
182
723
460
236
264
323
367
369
816
790
470
522
818
311
74
156
221
84
673
622
693
515
257
390
435
756
456
586
114
931
117
489
263
144
397
623
219
426
173
957
120
187
916
851
579
689
315
141
821
796
275
161
2
860
414
924
871
395
453
746
407
23
458
49
132
27
993
122
366
169
403
559
44
638
633
456
580
694
325
319
150
834
72
399
928
761
707
575
97
484
275
56
195
659
124
302
264
259
143
873
992
855
492
595
728
137
462
225
798
965
151
691
523
106
873
352
540
67
798
422
554
361
81
591
361
146
360
505
940
811
569
807
666
681
732
271
989
916
814
539
599
595
321
37
927
611
333
678
827
487
483
981
624
683
916
56
768
764
841
491
852
863
857
391
949
188
773
