569
299
510
279
208
571
189
377
891
38
502
623
322
758
38
388
175
764
367
717
336
414
499
121
933
518
647
185
99
977
377
650
275
107
410
191
820
847
570
431
584
200
17
7
601
715
666
997
448
487
775
449
206
86
130
143
391
241
393
949
413
162
266
553
8
172
201
359
965
448
142
231
210
759
60
285
391
51
592
987
746
941
198
295
307
512
849
885
555
927
51
727
38
615
878
207
995
15
430
938
105
6
649
106
398
397
867
324
260
57
903
536
107
182
797
448
229
456
495
698
595
680
626
977
19
582
491
265
310
489
780
238
564
900
195
664
97
130
669
19
409
952
903
731
359
690
279
319
428
870
615
584
61
537
762
649
460
819
127
329
879
918
250
82
339
808
846
79
702
569
649
889
50
0
985
197
581
424
593
355
347
692
336
126
727
884
934
930
884
312
370
339
236
379
783
713
39
138
327
935
44
877
775
486
634
64
443
194
885
160
119
77
765
846
541
593
664
674
942
114
737
576
164
384
130
234
415
621
323
365
591
851
287
179
743
529
50
918
218
198
158
402
756
133
251
764
952
613
275
315
381
674
8
951
233
889
547
879
715
854
765
139
689
304
422
105
731
418
44
607
732
375
787
927
338
171
380
962
947
489
999
352
788
505
177
240
187
431
811
436
229
744
446
694
504
574
730
920
177
519
219
371
759
850
886
185
298
435
19
68
150
690
942
52
506
607
198
881
299
490
517
464
488
406
541
713
447
635
718
293
209
908
242
309
582
164
591
663
789
758
397
702
275
906
558
778
213
931
765
727
646
74
972
152
852
592
295
411
913
190
986
0
439
382
522
378
106
919
240
895
944
356
311
731
811
637
602
672
121
451
467
930
833
90
681
719
568
181
507
430
259
832
813
277
157
428
990
507
236
948
917
0
371
691
314
336
905
243
267
98
408
538
999
974
906
389
636
686
859
715
761
981
658
792
221
746
743
758
499
132
920
359
686
999
217
941
269
725
791
708
362
618
836
35
549
368
41
912
323
835
47
519
827
653
590
578
637
297
590
147
940
907
338
513
135
959
55
808
530
978
705
55
987
556
265
327
883
105
741
517
985
274
146
575
144
503
36
437
412
981
550
485
51
602
395
691
653
434
639
360
591
287
742
67
419
780
23
188
165
80
489
815
544
12
718
744
431
268
965
778
346
815
266
950
885
36
845
672
517
571
763
614
557
5
925
8
540
711
925
72
477
610
911
416
903
337
984
738
91
482
841
538
359
503
801
125
795
117
648
72
33
871
344
311
252
705
823
661
979
921
